1 2 3 4
TCGA-A1-A0SD 23.0469 126.1824 136.9439 27.4443
TCGA-A1-A0SE 53.368 35.8994 169.8738 110.4751
TCGA-A1-A0SH 25.3505 0 641.859 97.4562
TCGA-A1-A0SJ 46.1227 140.0175 105.5334 19.1256
TCGA-A1-A0SK 192.6243 15.2226 11.841 0
TCGA-A1-A0SM 38.0883 5.344 280.0668 192.0681
TCGA-A1-A0SO 161.9125 11.8121 7.3609 0
TCGA-A2-A04N 22.4099 38.1874 214.2494 125.5665
TCGA-A2-A04P 236.5183 0 41.9123 29.0035
TCGA-A2-A04Q 207.2737 0 66.1019 25.0954
TCGA-A2-A04R 1.34 201.5133 89.9809 0
TCGA-A2-A04T 234.6025 1.3368 10.4274 0
TCGA-A2-A04U 234.7463 0 39.8171 1.6154
TCGA-A2-A04V 39.7305 32.6909 169.8382 178.4092
TCGA-A2-A04W 131.2186 0 221.9405 112.6184
TCGA-A2-A04X 80.2345 0 40.9167 195.0095
TCGA-A2-A04Y 75.8959 85.5623 29.0809 94.0618
TCGA-A2-A0CL 108.9338 33.0795 137.0687 0.6934
TCGA-A2-A0CM 180.7747 0.129 83.4651 0
TCGA-A2-A0CP 66.1611 0.359 253.2438 173.766
TCGA-A2-A0CQ 22.5794 0.0357 30.2612 272.2343
TCGA-A2-A0CS 11.9421 8.2743 240.1881 206.6664
TCGA-A2-A0CT 26.4678 139.4753 51.46 19.2721
TCGA-A2-A0CU 11.5105 176.1192 73.3333 8.83
TCGA-A2-A0CV 59.5623 0 126.4663 175.0213
TCGA-A2-A0CW 79.5145 110.9882 30.3248 0.2758
TCGA-A2-A0CX 140.6892 22.1839 179.1836 45.639
TCGA-A2-A0CY 221.1584 0.0459 4.9045 164.884
TCGA-A2-A0CZ 68.2568 1.0168 357.7935 122.8378
TCGA-A2-A0D0 271.8254 0 1.5952 2.4223
TCGA-A2-A0D1 184.5592 13.9 58.5537 52.0654
TCGA-A2-A0D2 205.3935 0.2621 76.8145 7e-04
TCGA-A2-A0D3 32.9821 39.0289 42.2892 170.4497
TCGA-A2-A0D4 10.442 190.8786 24.4993 0.5981
TCGA-A2-A0EM 15.2902 29.3752 170.3792 163.4515
TCGA-A2-A0EN 51.8324 0.055 219.7121 192.1589
TCGA-A2-A0EO 47.3761 0 235.536 178.3453
TCGA-A2-A0EQ 176.2352 6.6481 42.9885 63.231
TCGA-A2-A0ER 0.0083 223.691 33.5151 29.7122
TCGA-A2-A0ES 51.4804 13.596 119.0032 155.0544
TCGA-A2-A0ET 0.0033 137.4893 5.713 60.5299
TCGA-A2-A0EU 20.9366 139.0075 101.5164 18.1965
TCGA-A2-A0EV 24.3148 61.424 181.9366 109.0783
TCGA-A2-A0EW 31.4708 14.8239 209.9032 133.188
TCGA-A2-A0EX 47.6669 0 186.1843 223.4573
TCGA-A2-A0EY 88.411 0.1228 93.4612 146.8381
TCGA-A2-A0ST 194.2965 0.0839 20.8871 40.9104
TCGA-A2-A0SU 34.034 85.4796 97.8017 117.5576
TCGA-A2-A0SV 109.3161 29.0326 194.197 68.3359
TCGA-A2-A0SW 100.3381 33.3522 127.9426 51.4274
TCGA-A2-A0SX 167.5976 0.2659 146.7246 0
TCGA-A2-A0SY 39.7737 0 144.5175 245.5751
TCGA-A2-A0T0 211.1539 0.1169 108.8203 2.0669
TCGA-A2-A0T1 156.3413 0 216.6573 60.8865
TCGA-A2-A0T2 244.4039 0 50.8733 14.7603
TCGA-A2-A0T3 40.4706 117.1014 73.621 15.9038
TCGA-A2-A0T4 40.9056 57.2404 198.9661 98.1775
TCGA-A2-A0T5 88.9661 0.09 106.5162 176.7253
TCGA-A2-A0T6 41.9897 0 345.7017 98.2851
TCGA-A2-A0T7 79.0662 33.321 219.7045 47.2272
TCGA-A2-A0YC 1.2648 97.7375 108.9844 106.9221
TCGA-A2-A0YD 40.4115 4.7355 301.9468 106.2244
TCGA-A2-A0YE 190.9868 5.1743 77.0668 0
TCGA-A2-A0YF 6.9305 111.6321 30.6069 98.8746
TCGA-A2-A0YG 72.2702 105.5385 66.2571 4.1448
TCGA-A2-A0YH 77.1543 94.911 131.8033 2.9706
TCGA-A2-A0YI 3.5737 93.3272 107.4711 128.6371
TCGA-A2-A0YJ 218.546 3.4221 30.7391 0
TCGA-A2-A0YK 73.2019 0.8503 130.382 107.7431
TCGA-A2-A0YL 70.3335 0.0927 161.6881 124.3419
TCGA-A2-A0YM 203.8285 0.8988 50.5477 0
TCGA-A7-A0CD 0.1194 120.7378 62.7514 102.5434
TCGA-A7-A0CE 213.7636 12.376 31.7386 2.6525
TCGA-A7-A0CG 50.979 0 180.4175 168.9651
TCGA-A7-A0CH 8.5733 32.143 143.7344 158.1056
TCGA-A7-A0CJ 66.2662 91.4133 26.9095 39.088
TCGA-A7-A0D9 30.1443 146.564 108.4615 0
TCGA-A7-A0DA 167.4506 0.1717 170.6272 0.1499
TCGA-A7-A0DB 35.7156 0.1131 137.7263 229.3674
TCGA-A7-A13D 222.4413 0.0264 136.4472 0
TCGA-A7-A13E 184.2062 2.3931 50.2211 0
TCGA-A7-A13F 32.3797 123.8952 68.6148 73.513
TCGA-A8-A06N 0 179.9408 1.1909 0.0592
TCGA-A8-A06O 51.8673 128.8425 79.1821 26.6137
TCGA-A8-A06P 34.503 61.0903 265.5563 78.2718
TCGA-A8-A06Q 44.0675 90.9872 3.3455 115.2386
TCGA-A8-A06R 120.5697 31.4563 176.7255 12.9298
TCGA-A8-A06T 8.1467 128.3841 67.5505 45.1221
TCGA-A8-A06U 59.1666 114.1066 45.7824 20.7948
TCGA-A8-A06X 101.8365 89.8842 58.4053 0
TCGA-A8-A06Y 27.6246 79.8999 24.2199 123.547
TCGA-A8-A06Z 5e-04 198.9773 16.2724 32.9187
TCGA-A8-A075 86.7536 37.6495 156.0603 59.2173
TCGA-A8-A076 59.3654 76.4906 213.6589 27.1368
TCGA-A8-A079 31.2077 124.9006 33.9818 104.3638
TCGA-A8-A07B 101.8186 52.514 120.1314 35.618
TCGA-A8-A07C 180.252 6.8328 31.8992 0
TCGA-A8-A07E 68.7746 20.7416 243.151 77.5735
TCGA-A8-A07F 22.446 72.4632 136.3307 53.9986
TCGA-A8-A07G 45.0091 28.4889 338.3909 107.8866
TCGA-A8-A07I 48.5836 93.227 229.8883 7.1574
TCGA-A8-A07J 52.1433 20.7343 287.0183 60.7058
TCGA-A8-A07L 29.9206 135.7159 108.234 0
TCGA-A8-A07O 207.1284 9.5695 41.5879 0.3894
TCGA-A8-A07P 3.8237 145.3361 105.9821 77.7897
TCGA-A8-A07R 229.7545 11.2341 24.838 0
TCGA-A8-A07S 6.4728 69.1439 81.0763 151.8867
TCGA-A8-A07U 189.181 3e-04 79.7867 9.1421
TCGA-A8-A07W 58.494 116.3524 135.8068 0.096
TCGA-A8-A07Z 12.4382 124.9828 44.6829 102.2544
TCGA-A8-A081 57.8396 107.5978 15.3333 21.4133
TCGA-A8-A082 22.9659 124.3977 101.9906 38.8573
TCGA-A8-A083 0.9227 87.2649 11.7955 129.9427
TCGA-A8-A084 59.4736 3e-04 158.996 139.1602
TCGA-A8-A085 17.1322 150.2826 139.6986 10.191
TCGA-A8-A086 35.7218 114.2001 202.1242 40.0406
TCGA-A8-A08A 15.08 0 158.0237 222.0883
TCGA-A8-A08B 128.3724 0.1354 37.4556 123.6068
TCGA-A8-A08C 17.9012 0.0045 79.8065 227.305
TCGA-A8-A08F 60.5913 95.8494 151.548 4.1857
TCGA-A8-A08G 18.6103 167.957 103.1724 0
TCGA-A8-A08H 134.6332 0.065 324.9514 15.9831
TCGA-A8-A08I 107.3008 70.9973 11.97 33.288
TCGA-A8-A08J 54.535 120.8256 170.3386 7.2589
TCGA-A8-A08L 119.9679 56.1941 76.8997 0
TCGA-A8-A08O 17.6814 108.938 169.5603 14.9477
TCGA-A8-A08P 99.2213 62.0565 112.8224 11.5184
TCGA-A8-A08R 184.3767 4.6912 89.9613 0
TCGA-A8-A08T 37.4384 63.5484 83.8946 106.3793
TCGA-A8-A08X 168.5855 0 216.3807 11.6149
TCGA-A8-A08Z 60.2537 11.9266 292.0339 68.0364
TCGA-A8-A090 13.5891 137.8994 115.4192 18.1201
TCGA-A8-A091 1.1429 178.6621 63.9797 0.0828
TCGA-A8-A092 72.7727 91.3515 77.0368 40.8357
TCGA-A8-A093 4.1458 54.0264 207.6203 141.0579
TCGA-A8-A094 103.5868 0.0011 94.5818 110.7384
TCGA-A8-A095 46.5855 33.6441 105.7722 107.685
TCGA-A8-A096 28.8691 32.7601 238.4591 129.0498
TCGA-A8-A097 53.3797 66.8434 242.5405 28.5423
TCGA-A8-A099 0.0651 92.8721 76.0706 93.9166
TCGA-A8-A09A 32.2777 126.8305 181.2493 0
TCGA-A8-A09B 9.1584 103.5471 129.1591 81.4037
TCGA-A8-A09C 33.3934 53.2567 96.1695 133.605
TCGA-A8-A09D 77.892 76.5177 216.9353 0
TCGA-A8-A09G 79.2666 38.6765 57.7497 127.1966
TCGA-A8-A09I 101.7756 72.6543 106.7086 27.6267
TCGA-A8-A09M 44.6099 101.8302 45.9025 59.1321
TCGA-A8-A09N 20.7672 118.8425 100.5934 50.9526
TCGA-A8-A09Q 43.1866 78.0946 96.546 133.0084
TCGA-A8-A09R 28.1225 106.2341 221.0054 6.8048
TCGA-A8-A09T 25.9081 76.9556 129.0819 73.1747
TCGA-A8-A09V 0.7289 70.4262 166.9132 74.6388
TCGA-A8-A09W 50.1428 74.715 79.3677 114.7172
TCGA-A8-A09X 128.8726 0 111.9082 106.4033
TCGA-A8-A09Z 78.9268 60.8086 30.5455 104.3785
TCGA-A8-A0A1 29.9897 36.3354 184.3029 111.5715
TCGA-A8-A0A2 1.1209 69.8408 134.3235 124.4943
TCGA-A8-A0A4 62.6706 45.2418 92.7175 116.0895
TCGA-A8-A0A6 66.4679 1.0614 68.8064 192.504
TCGA-A8-A0A7 159.4779 12.5128 191.4562 26.4239
TCGA-A8-A0A9 24.3378 75.0101 132.3351 107.0255
TCGA-A8-A0AB 27.2574 84.6682 84.1627 66.3824
TCGA-A8-A0AD 1.481 40.9951 228.0361 129.5358
TCGA-AN-A03X 24.947 19.0046 430.3405 118.8151
TCGA-AN-A03Y 86.1251 49.2259 37.5659 135.4896
TCGA-AN-A041 0.5218 181.5931 226.8349 0
TCGA-AN-A046 34.1134 0.2692 138.4092 282.3367
TCGA-AN-A049 41.4972 84.4866 162.417 79.3455
TCGA-AN-A04A 81.9693 61.1108 275.0774 65.4757
TCGA-AN-A04C 186.7237 0 16.1621 104.6899
TCGA-AN-A04D 186.0604 14.7123 1.0222 0.7498
TCGA-AN-A0AJ 139.4586 56.3001 68.2621 26.2319
TCGA-AN-A0AK 97.3629 99.0042 22.2463 9.8414
TCGA-AN-A0AL 179.6121 0.1364 161.8879 16.593
TCGA-AN-A0AM 137.6685 34.3031 126.9139 84.5114
TCGA-AN-A0AR 237.2498 0.028 10.3254 14.7586
TCGA-AN-A0AS 102.9638 0 293.7452 114.4159
TCGA-AN-A0AT 226.7784 1.2601 24.0292 0
TCGA-AN-A0FD 56.7019 41.5027 225.6833 140.2199
TCGA-AN-A0FF 14.5375 111.7712 111.4742 56.1375
TCGA-AN-A0FJ 202.1918 0.9371 50.4092 3.9243
TCGA-AN-A0FK 3.5381 50.3122 71.1742 232.2787
TCGA-AN-A0FL 212.4396 0 4.825 52.5454
TCGA-AN-A0FN 44.7877 0.0251 464.1739 94.3055
TCGA-AN-A0FS 21.9681 22.3962 181.0294 155.7141
TCGA-AN-A0FT 75.6437 0.0868 102.6721 198.9297
TCGA-AN-A0FV 110.6535 40.2498 220.0615 32.1355
TCGA-AN-A0FW 35.0375 128.7223 77.5392 80.9643
TCGA-AN-A0FX 199.9535 0.8135 106.1412 0.4511
TCGA-AN-A0FY 82.8962 75.6341 151.6883 3.2067
TCGA-AN-A0FZ 13.9199 118.8426 125.7651 61.4098
TCGA-AN-A0G0 183.8954 17.0381 69.4317 0
TCGA-AN-A0XL 21.1235 49.1933 181.5298 96.3932
TCGA-AN-A0XN 87.5779 0 485.5757 39.5794
TCGA-AN-A0XO 58.2388 41.9704 155.4009 140.6747
TCGA-AN-A0XP 2.0538 32.9777 115.338 200.5158
TCGA-AN-A0XR 28.9557 53.9017 75.5467 130.9718
TCGA-AN-A0XS 29.0266 56.5929 199.7864 69.9713
TCGA-AN-A0XT 22.564 98.8368 33.8999 91.3304
TCGA-AN-A0XU 205.0768 5.8673 32.8146 0
TCGA-AN-A0XV 26.2001 79.9665 127.9829 83.3392
TCGA-AN-A0XW 91.6091 18.3534 286.0655 47.9378
TCGA-AO-A03L 68.9174 59.1125 145.9486 69.4319
TCGA-AO-A03O 81.8787 115.7561 24.6357 10.1761
TCGA-AO-A03P 56.3652 126.2171 34.8459 68.9355
TCGA-AO-A03R 99.2943 48.6047 10.5245 133.4144
TCGA-AO-A03T 75.8359 50.215 22.2902 156.856
TCGA-AO-A03V 30.6377 49.8282 89.5433 136.8555
TCGA-AO-A0J2 152.2413 0 36.7805 109.8391
TCGA-AO-A0J3 12.632 162.1412 6.0839 3.5544
TCGA-AO-A0J4 217.9739 0 80.7712 0
TCGA-AO-A0J6 215.2532 3.721 12.3857 1.2227
TCGA-AO-A0J7 9.7427 85.3106 54.6597 162.0687
TCGA-AO-A0J8 22.4205 0 138.4964 222.2278
TCGA-AO-A0J9 117.29 0 138.6262 157.0429
TCGA-AO-A0JA 32.3372 51.4968 253.8936 72.9183
TCGA-AO-A0JB 133.8359 0 12.6676 253.7269
TCGA-AO-A0JC 142.7758 0 19.9802 55.4507
TCGA-AO-A0JD 111.2412 77.7572 11.5445 51.213
TCGA-AO-A0JE 99.5529 0.0107 282.8531 106.3167
TCGA-AO-A0JF 20.0004 8.8878 276.6188 148.0932
TCGA-AO-A0JG 22.8515 118.2793 107.9942 25.7614
TCGA-AO-A0JI 5e-04 195.2133 14.6713 0.5625
TCGA-AO-A0JJ 49.185 10.7746 147.7013 148.8657
TCGA-AO-A0JL 230.7234 0.2589 31.8725 28.4997
TCGA-AO-A0JM 60.2398 39.1456 238.0752 85.0963
TCGA-AO-A124 235.7142 0.0033 6.4949 5.5593
TCGA-AO-A125 8.706 7.5404 2.8175 253.7324
TCGA-AO-A126 44.9149 0.2808 217.8135 200.6672
TCGA-AO-A128 193.4787 0 30.5358 24.0876
TCGA-AO-A129 226.5124 0 39.2211 3.5523
TCGA-AO-A12A 55.2698 8.9909 119.844 142.519
TCGA-AO-A12B 3.3527 47.3851 7.3384 255.5739
TCGA-AO-A12C 27.4416 27.5635 306.2176 147.9075
TCGA-AO-A12D 114.5728 0 172.0778 137.7277
TCGA-AO-A12E 34.3876 86.1069 64.8098 93.8026
TCGA-AO-A12F 211.6618 0.4101 78.833 1.1029
TCGA-AO-A12G 52.8221 38.9605 110.3928 164.3928
TCGA-AO-A12H 0 215.9349 19.7372 24.0544
TCGA-AQ-A04J 194.2707 0.0029 79.9796 7.7216
TCGA-AR-A0TP 235.9621 0.0037 36.3824 3.0205
TCGA-AR-A0TQ 43.3353 160.8498 81.2278 0
TCGA-AR-A0TR 0 157.0262 2.2909 46.4952
TCGA-AR-A0TS 167.3521 6.3447 87.9966 0
TCGA-AR-A0TT 104.6515 39.9958 133.7841 8.997
TCGA-AR-A0TU 204.9189 0.0241 0 1.423
TCGA-AR-A0TV 62.192 136.7966 14.7456 0.6869
TCGA-AR-A0TW 53.6231 120.1829 50.0722 22.05
TCGA-AR-A0TX 108.2525 46.3278 151.6369 26.4333
TCGA-AR-A0TY 84.3129 137.6923 32.6628 0
TCGA-AR-A0TZ 1.0406 147.942 105.2778 2.1511
TCGA-AR-A0U0 197.6338 0.0271 23.8189 5.3406
TCGA-AR-A0U2 34.5123 117.1798 41.4363 0.7291
TCGA-AR-A0U3 22.1584 123.3832 32.9681 46.9244
TCGA-AR-A0U4 202.1902 0 61.2195 6.2279
TCGA-AR-A1AH 186.523 0 32.6179 1.4006
TCGA-AR-A1AI 201.1858 4.1062 17.9251 0
TCGA-AR-A1AJ 171.295 0.0102 94.6993 2.0966
TCGA-AR-A1AK 54.3201 69.3164 78.1875 63.5369
TCGA-AR-A1AL 41.6933 18.7575 168.1425 98.1072
TCGA-AR-A1AN 39.9118 0.0833 236.2395 180.4149
TCGA-AR-A1AO 147.7524 8e-04 251.5688 17.8079
TCGA-AR-A1AP 72.8165 43.318 130.1982 98.8655
TCGA-AR-A1AQ 203.1556 7e-04 48.5202 5.018
TCGA-AR-A1AR 174.0002 0 114.1558 2.1305
TCGA-AR-A1AS 59.2089 0 113.2563 186.0827
TCGA-AR-A1AT 122.9609 0 161.7282 129.1943
TCGA-AR-A1AU 53.2793 89.0796 157.0104 52.8632
TCGA-AR-A1AV 0.2114 116.97 138.4901 64.0605
TCGA-AR-A1AW 114.3153 31.1837 86.5431 18.1215
TCGA-AR-A1AX 73.3799 35.9239 123.5166 84.0812
TCGA-AR-A1AY 182.3973 3.1589 73.3531 0
TCGA-B6-A0I2 253.3207 0 0 23.7642
TCGA-B6-A0I5 85.7359 0 57.9864 275.484
TCGA-B6-A0I6 180.0005 0.0229 123.7478 0
TCGA-B6-A0I8 9.2595 125.9489 118.7438 52.8691
TCGA-B6-A0I9 87.2866 123.0417 43.0083 3.4059
TCGA-B6-A0IA 16.7428 0.4021 10.1734 381.2861
TCGA-B6-A0IB 25.7323 28.5758 31.2359 208.1404
TCGA-B6-A0IC 0 117.7287 1.388 72.2336
TCGA-B6-A0IE 101.9211 31.6516 35.9331 149.1029
TCGA-B6-A0IG 91.8328 16.3843 88.4386 157.8558
TCGA-B6-A0IH 58.9398 1.5391 197.8274 106.5779
TCGA-B6-A0IJ 231.903 0.0012 8.1555 12.4804
TCGA-B6-A0IK 147.78 37.6419 55.2889 43.4094
TCGA-B6-A0IM 0.7406 127.1143 150.09 57.6278
TCGA-B6-A0IN 71.9303 77.9919 84.8153 112.6994
TCGA-B6-A0IO 34.9254 56.6929 32.3287 181.1765
TCGA-B6-A0IP 29.7797 30.0905 65.1189 171.3748
TCGA-B6-A0IQ 235.1421 4e-04 11.4553 2.5589
TCGA-B6-A0RE 211.9258 0.007 61.8963 1.4611
TCGA-B6-A0RG 27.4532 162.7124 108.0125 20.1719
TCGA-B6-A0RH 148.7875 0 138.7914 158.2299
TCGA-B6-A0RI 28.6822 49.3933 253.3431 99.6023
TCGA-B6-A0RL 13.7732 159.8074 0 14.589
TCGA-B6-A0RM 10.4457 118.2382 39.7269 77.6925
TCGA-B6-A0RN 23.3092 0 247.7624 172.7934
TCGA-B6-A0RO 9.7441 88.1342 24.4968 173.4448
TCGA-B6-A0RP 0.0055 67.797 198.5321 121.6951
TCGA-B6-A0RQ 103.1367 1.4636 24.1721 145.0446
TCGA-B6-A0RS 156.0548 0 66.4046 103.6913
TCGA-B6-A0RT 165.9804 0.0268 53.9011 6.2664
TCGA-B6-A0RU 195.5994 0.4556 60.9403 13.5803
TCGA-B6-A0RV 43.4845 41.8338 36.8678 159.9589
TCGA-B6-A0WS 23.6601 72.8699 157.1306 78.9006
TCGA-B6-A0WT 10.794 86.0037 215.5667 39.0177
TCGA-B6-A0WV 26.1435 131.4304 56.0083 12.0433
TCGA-B6-A0WW 22.4023 130.7836 120.3971 23.7717
TCGA-B6-A0WX 164.3197 0 232.5911 9.1436
TCGA-B6-A0WY 110.0407 24.6622 107.8045 77.7264
TCGA-B6-A0WZ 25.1589 0 72.3418 253.0323
TCGA-B6-A0X0 51.7612 0 18.916 227.8743
TCGA-B6-A0X1 181.8612 11.2534 4.3244 6.5158
TCGA-B6-A0X4 0.0953 198.4756 6.8788 51.947
TCGA-B6-A0X5 39.1924 70.4151 33.3759 72.0344
TCGA-B6-A0X7 40.7037 8.631 203.4189 136.9188
TCGA-BH-A0AU 16.133 126.8613 210.5764 9.1107
TCGA-BH-A0AV 166.1028 0 320.2054 0
TCGA-BH-A0AW 184.0549 0.3637 100.6518 72.9145
TCGA-BH-A0AY 87.7283 2.6802 218.4625 106.6053
TCGA-BH-A0AZ 25.0194 0.041 474.3579 139.376
TCGA-BH-A0B0 72.0737 0 308.7784 123.3147
TCGA-BH-A0B1 20.1827 152.7969 122.8107 52.8002
TCGA-BH-A0B3 216.605 0.0594 137.2511 0.0026
TCGA-BH-A0B4 78.3718 55.1644 185.2799 48.6467
TCGA-BH-A0B5 49.2908 31.2927 174.2381 76.8977
TCGA-BH-A0B7 134.6449 0.0427 180.8743 56.7912
TCGA-BH-A0B8 21.0025 99.2336 68.2946 117.2907
TCGA-BH-A0B9 258.5209 6e-04 0 11.3387
TCGA-BH-A0BA 26.2663 33.7849 79.391 129.9739
TCGA-BH-A0BC 74.5536 23.2837 132.3346 127.6804
TCGA-BH-A0BD 75.9965 34.554 131.4907 125.8277
TCGA-BH-A0BF 102.0101 0.0036 358.8473 30.6567
TCGA-BH-A0BG 222.9122 0 41.393 4.9636
TCGA-BH-A0BJ 38.8251 31.6965 169.3988 129.2144
TCGA-BH-A0BL 141.7445 1e-04 235.8257 0.3951
TCGA-BH-A0BM 41.4186 0.3189 93.38 235.494
TCGA-BH-A0BO 46.739 3.8381 195.5645 146.3024
TCGA-BH-A0BP 56.6982 34.9864 202.5843 84.0452
TCGA-BH-A0BQ 63.7255 0.8616 224.1572 159.9433
TCGA-BH-A0BR 89.462 0.069 298.1148 89.8645
TCGA-BH-A0BS 9.6252 99.2961 28.597 142.78
TCGA-BH-A0BT 75.6908 0.07 81.9142 170.9621
TCGA-BH-A0BV 8.2704 105.025 162.4296 73.6959
TCGA-BH-A0BW 153.7703 15.2836 66.2768 0
TCGA-BH-A0BZ 116.5982 60.4063 183.9306 0
TCGA-BH-A0C0 122.6932 49.5712 36.3449 39.8111
TCGA-BH-A0C3 38.3756 69.2611 234.4864 39.9238
TCGA-BH-A0DD 36.463 111.8557 72.878 37.8252
TCGA-BH-A0DE 34.3581 64.8556 140.9024 73.2773
TCGA-BH-A0DG 62.4661 32.025 278.1875 65.1361
TCGA-BH-A0DH 9.2108 38.7358 57.9347 220.5067
TCGA-BH-A0DI 65.1964 0.0512 433.3227 82.9459
TCGA-BH-A0DK 78.3605 78.8609 158.3769 46.7071
TCGA-BH-A0DL 232.3881 0 26.0911 2.0362
TCGA-BH-A0DP 42.3549 0.3694 192.633 173.8354
TCGA-BH-A0DQ 39.9696 51.974 279.6644 62.1424
TCGA-BH-A0DS 60.3117 12.7575 139.4207 168.3028
TCGA-BH-A0DT 43.8528 18.3859 138.755 144.1276
TCGA-BH-A0DX 68.6819 0.0506 305.5587 102.7467
TCGA-BH-A0DZ 108.1371 11.7819 258.4051 90.2243
TCGA-BH-A0E0 250.6696 0.8167 5.5962 12.1638
TCGA-BH-A0E1 15.0216 31.5301 87.3896 237.0798
TCGA-BH-A0E2 78.3683 75.4352 133.0694 61.0181
TCGA-BH-A0E6 239.4736 0.0206 25.5615 33.5474
TCGA-BH-A0E7 0.0722 123.608 90.8342 59.4789
TCGA-BH-A0EA 48.9904 9.7059 160.6809 120.5564
TCGA-BH-A0EB 28.5888 13.5848 170.9571 189.9577
TCGA-BH-A0EE 177.0832 0.0383 0 98.4647
TCGA-BH-A0EI 13.908 74.7819 291.3035 60.8546
TCGA-BH-A0GY 103.4518 82.4077 113.8641 1.3976
TCGA-BH-A0GZ 43.8525 59.3499 154.8993 104.9313
TCGA-BH-A0H0 20.14 125.8961 9.2157 50.242
TCGA-BH-A0H3 44.7527 25.8828 213.5672 94.0094
TCGA-BH-A0H5 105.2497 0.5614 68.4107 113.3227
TCGA-BH-A0H6 18.757 77.9202 219.3822 56.0513
TCGA-BH-A0H7 51.6291 73.1015 381.0557 35.2788
TCGA-BH-A0H9 53.6824 94.9513 71.7439 59.3519
TCGA-BH-A0HA 38.235 117.1069 230.8456 43.1357
TCGA-BH-A0HB 101.2973 97.5789 62.609 34.9406
TCGA-BH-A0HF 65.6615 3.3457 202.0716 164.0844
TCGA-BH-A0HI 3.6879 46.5475 120.2252 193.0882
TCGA-BH-A0HK 71.3956 0 84.5478 206.7654
TCGA-BH-A0HL 0.2129 165.2874 31.6749 0.0983
TCGA-BH-A0HN 3.456 0 15.6926 274.1642
TCGA-BH-A0HO 0.1613 185.3855 50.0962 87.7014
TCGA-BH-A0HP 49.8394 0.0229 113.9825 195.0022
TCGA-BH-A0HQ 33.4236 18.6343 195.7226 154.2657
TCGA-BH-A0HU 93.0415 16.4151 39.0426 134.6713
TCGA-BH-A0HW 0.384 206.5326 13.8497 0.5401
TCGA-BH-A0HX 50.2807 129.3067 130 0
TCGA-BH-A0HY 91.9565 13.6565 174.0957 135.7879
TCGA-BH-A0RX 232.4176 0.0608 72.1769 17.504
TCGA-BH-A0W3 0.0067 103.3792 28.3238 86.1587
TCGA-BH-A0W4 29.0454 43.1073 179.2947 119.0992
TCGA-BH-A0W5 47.581 22.7446 149.0659 115.0239
TCGA-BH-A0W7 80.8832 0.1026 176.3366 133.9982
TCGA-BH-A0WA 197.2386 3.2197 84.7566 0
TCGA-BH-A18F 69.8012 5e-04 183.2734 98.2959
TCGA-BH-A18G 243.7113 0 78.5044 67.4532
TCGA-BH-A18H 47.4552 110.8601 52.7421 60.2309
TCGA-BH-A18I 35.7564 37.5266 260.8009 69.4337
TCGA-BH-A18J 72.2205 2.762 187.036 143.832
TCGA-BH-A18K 60.1964 16.305 190.6734 120.0226
TCGA-BH-A18L 18.9071 180.5247 9.1101 0.0235
TCGA-BH-A18M 42.1315 41.2122 232.3239 93.1212
TCGA-BH-A18N 0.0545 162.2591 54.0209 23.2367
TCGA-BH-A18P 50.6937 35.468 131.6833 85.593
TCGA-BH-A18Q 190.0022 5.6413 22.9523 11.4496
TCGA-BH-A18R 90.565 104.9945 53.4917 1.6704
TCGA-BH-A18S 0.9167 55.3482 15.7484 199.9091
TCGA-BH-A18T 225.5396 3.3586 21.3683 0
TCGA-BH-A18U 78.3485 43.6733 121.0613 118.2857
TCGA-BH-A18V 199.2065 1.8966 86.4742 0
TCGA-BH-A1EO 53.3582 39.8717 340.1786 33.2053
TCGA-BH-A1ES 57.4484 98.7556 137.1401 2.8627
TCGA-BH-A1ET 1.8526 39.0035 119.0719 166.448
TCGA-BH-A1EU 21.7432 36.5699 185.4639 100.1869
TCGA-BH-A1EV 82.2905 0 191.2957 139.7075
TCGA-BH-A1EW 53.4739 104.6312 63.3477 22.7096
TCGA-BH-A1F0 165.4176 0.3104 97.3393 8.3404
TCGA-C8-A12K 217.3009 0 30.7105 6.8902
TCGA-C8-A12L 171.652 0 95.1362 27.2441
TCGA-C8-A12M 13.1531 177.9176 28.6864 0
TCGA-C8-A12N 35.3355 5.1789 272.2686 156.6273
TCGA-C8-A12O 66.7836 49.2296 248.0859 74.7902
TCGA-C8-A12P 145.9507 0.0051 203.5979 40.1202
TCGA-C8-A12Q 101.5662 19.2294 183.0933 66.4111
TCGA-C8-A12T 133.6942 7.8033 280.4393 98.4543
TCGA-C8-A12U 77.8458 125.694 5.5282 0
TCGA-C8-A12V 186.2906 0 37.467 7.3916
TCGA-C8-A12W 47.7047 108.7643 232.8334 3.528
TCGA-C8-A12X 48.123 133.1804 30.7565 31.4053
TCGA-C8-A12Y 70.3341 23.9735 83.2036 158.0062
TCGA-C8-A12Z 139.0353 0.1439 148.7234 133.4288
TCGA-C8-A130 111.7185 34.3386 94.5315 38.9087
TCGA-C8-A131 170.735 0 173.0908 58.5462
TCGA-C8-A132 76.599 50.8676 233.7889 40.5017
TCGA-C8-A133 2e-04 200.811 0 82.1242
TCGA-C8-A134 187.0831 3.9929 29.7251 0
TCGA-C8-A135 166.6229 0.2338 132.9097 81.8826
TCGA-C8-A137 138.2365 32.6496 156.5395 13.9753
TCGA-C8-A138 109.9558 2.4423 150.541 102.6387
TCGA-C8-A1HF 156.9504 0 178.2309 45.9174
TCGA-C8-A1HG 111.6715 79.9672 54.8263 14.1336
TCGA-C8-A1HI 35.1756 120.5593 57.0555 80.0231
TCGA-C8-A1HL 77.592 28.7359 100.1102 127.7828
TCGA-C8-A1HM 110.2783 61.6923 25.8008 34.0381
TCGA-C8-A1HN 43.5897 132.2672 53.2975 0
TCGA-D8-A13Y 59.996 81.2205 44.8027 0
TCGA-D8-A13Z 147.6006 16.5225 136.5487 10.7874
TCGA-D8-A140 15.3892 148.7342 73.0045 0.9784
TCGA-D8-A141 53.9506 0 381.6326 94.0475
TCGA-D8-A142 174.968 0 222.9496 0.53
TCGA-D8-A143 201.81 7.9817 24.8838 0.377
TCGA-D8-A145 33.2821 33.384 148.9459 100.1911
TCGA-D8-A147 167.7162 6.9295 43.0974 0
TCGA-E2-A105 49.6245 120.9786 33.2579 14.641
TCGA-E2-A106 5.7962 184.0538 35.9888 26.2138
TCGA-E2-A107 29.1261 62.8126 24.6958 136.9413
TCGA-E2-A108 110.5329 0.1267 211.9181 61.1006
TCGA-E2-A109 42.0451 126.554 100.3519 0
TCGA-E2-A10A 2.4002 123.7662 120.8572 30.7904
TCGA-E2-A10B 6.535 77.9991 131.3514 102.2881
TCGA-E2-A10C 84.5391 29.0314 39.5802 122.6216
TCGA-E2-A10E 7.3176 34.4872 112.4436 203.2787
TCGA-E2-A10F 41.5887 22.3675 257.2005 96.5863
TCGA-E2-A14N 234.0021 2e-04 5.4714 4.3776
TCGA-E2-A14O 11.4995 105.742 59.3649 194.9511
TCGA-E2-A14P 177.1101 42.7245 25.1558 4.2493
TCGA-E2-A14Q 45.1934 52.5927 73.0272 113.9268
TCGA-E2-A14R 225.0924 0 9.302 3.7475
TCGA-E2-A14S 23.1982 114.3834 14.4453 85.4745
TCGA-E2-A14T 25.6108 183.0366 57.2888 0
TCGA-E2-A14V 92.1645 56.6324 103.042 64.4815
TCGA-E2-A14W 25.4485 100.9759 42.9764 111.7274
TCGA-E2-A14X 210.36 0.0152 28.4011 14.3762
TCGA-E2-A14Y 272.5052 0 20.3767 2.9104
TCGA-E2-A14Z 105.3377 0.7394 90.2735 129.3755
TCGA-E2-A150 205.19 0.4249 73.7415 0
TCGA-E2-A152 96.5459 13.6184 297.8694 42.9443
TCGA-E2-A153 44.4667 0.04 373.195 153.5458
TCGA-E2-A154 22.7976 39.8705 128.0304 142.0724
TCGA-E2-A155 17.6326 178.4238 27.9013 0.0215
TCGA-E2-A156 0.0071 115.8327 20.5647 80.1907
TCGA-E2-A158 211.2712 0.0021 0 8.96
TCGA-E2-A159 173.526 2.3286 76.3153 5.5703
TCGA-E2-A15A 47.7655 123.8566 112.546 0.4576
TCGA-E2-A15C 10.6662 68.7751 155.5926 98.4056
TCGA-E2-A15D 30.9698 39.2737 121.462 108.8309
TCGA-E2-A15E 55.0012 39.315 110.3711 106.3398
TCGA-E2-A15F 10.5643 168.5848 54.1064 0.7418
TCGA-E2-A15G 0.1084 65.0855 44.3232 141.6713
TCGA-E2-A15H 49.9559 82.4471 137.1859 63.0491
TCGA-E2-A15I 13.5975 23.7946 86.0974 159.2784
TCGA-E2-A15J 38.909 15.9308 60.8813 228.3865
TCGA-E2-A15K 38.5374 31.9359 88.0415 131.4356
TCGA-E2-A15L 10.4694 46.2177 233.4413 122.485
TCGA-E2-A15M 67.546 35.1699 153.3757 69.1779
TCGA-E2-A15O 22.0963 132.5426 35.3514 8.7518
TCGA-E2-A15P 7.3063 124.3092 92.4749 52.9142
TCGA-E2-A15R 2.2303 157.6006 54.1321 0.1012
TCGA-E2-A15S 14.1685 164.8902 19.5091 0
TCGA-E2-A15T 10.2486 160.1002 22.9879 12.1144
TCGA-E2-A1AZ 149.8179 2.7914 117.684 0
TCGA-E2-A1B0 156.7914 0 161.011 35.4763
TCGA-E2-A1B1 80.2491 38.6857 241.5113 29.3176
TCGA-E2-A1B4 6.3236 0 66.1276 256.3783
TCGA-E2-A1B5 100.3436 0 41.1585 160.5174
TCGA-E2-A1B6 207.4909 0 2.7755 11.1094
TCGA-E2-A1BC 15.0004 37.0957 237.8744 90.5657
TCGA-E2-A1BD 32.3148 0 83.4896 227.2912
