1 2 3 4 5 6 7
TCGA-A1-A0SD 44.1882 203.2709 119.5232 70.5282 69.7882 0 20.1501
TCGA-A1-A0SE 32.4152 0.0404 151.8952 99.122 62.7328 90.4449 6.8604
TCGA-A1-A0SH 9.1982 0.0056 624.0951 21.4032 41.976 41.3344 124.5283
TCGA-A1-A0SJ 26.5022 0.0111 91.956 49.4937 173.0685 58.6248 8.0373
TCGA-A1-A0SK 147.784 0.004 9.1926 0 41.4137 117.4602 0.0612
TCGA-A1-A0SM 0.7746 0.009 230.2564 46.2144 27.178 33.6899 394.6914
TCGA-A1-A0SO 194.2936 0.0274 5.0677 0 24.3087 14.7685 2.8379
TCGA-A2-A04N 0.416 0.009 197.764 86.6179 77.0282 81.1201 34.2509
TCGA-A2-A04P 147.1677 4e-04 42.9448 2.5479 0 251.8007 11.4044
TCGA-A2-A04Q 232.5684 0.0024 59.9936 19.0066 0 74.2345 0.0609
TCGA-A2-A04R 1.7399 409.1864 89.4817 7.214 127.7846 25.7686 0
TCGA-A2-A04T 235.9575 2e-04 6.8159 0.004 2.8037 99.5578 0
TCGA-A2-A04U 138.1274 3e-04 40.2982 1e-04 0 233.6529 0.0045
TCGA-A2-A04V 0 0.17 165.2137 69.4151 85.2035 196.6039 0
TCGA-A2-A04W 48.6527 0.0036 210.7171 4.4087 0.0011 91.3814 362.6718
TCGA-A2-A04X 9.4059 0.0028 39.6252 20.5577 17.2838 68.8712 427.2181
TCGA-A2-A04Y 5.5626 0.0018 32.2921 0 148.789 141.6989 114.58
TCGA-A2-A0CL 116.0923 8e-04 118.4731 4.7115 55.938 37.9187 0
TCGA-A2-A0CM 217.1917 0.0049 70.9589 0 5.7326 32.0598 8e-04
TCGA-A2-A0CP 13.3287 0.5307 256.9877 76.3082 25.3953 214.3446 20.7075
TCGA-A2-A0CQ 9.4548 0.0162 22.4497 231.7414 0 124.1043 38.5511
TCGA-A2-A0CS 0 2.3807 222.8088 154.1248 37.8512 86.4825 48.1786
TCGA-A2-A0CT 8.5705 0.0395 43.3821 26.6784 182.02 60.1215 0
TCGA-A2-A0CU 2.8422 4e-04 56.2317 93.7004 176.7676 35.1041 1.1516
TCGA-A2-A0CV 43.8406 0.0087 114.002 144.9033 0 132.4305 10.3908
TCGA-A2-A0CW 37.8194 0.0271 26.4243 0 156.6956 55.2922 58.3189
TCGA-A2-A0CX 54.7272 3e-04 158.5973 0 41.8054 63.4959 271.5022
TCGA-A2-A0CY 58.8386 0.174 20.0898 6.8928 39.0035 442.9075 41.5125
TCGA-A2-A0CZ 25.4812 2.1884 366.1665 33.249 22.1814 156.5891 64.1632
TCGA-A2-A0D0 206.6715 0 0 0.03 0 207.8951 5e-04
TCGA-A2-A0D1 61.4386 0.2641 55.8048 0 66.7884 204.3391 77.7339
TCGA-A2-A0D2 204.9386 0.0028 69.3381 0 4.2261 90.8115 0.1485
TCGA-A2-A0D3 23.4683 2e-04 28.8287 176.6839 47.3093 67.5827 26.4829
TCGA-A2-A0D4 13.4834 270.2156 21.5706 1.4758 161.2509 25.3635 5.0323
TCGA-A2-A0EM 15.7231 0.1944 143.7442 183.329 22.4048 41.5205 52.2227
TCGA-A2-A0EN 67.4705 0.0897 192.989 199.6733 0 29.3786 59.359
TCGA-A2-A0EO 25.2867 0.0012 209.7539 127.3742 44.4103 100.759 28.7705
TCGA-A2-A0EQ 103.9382 0.0098 42.0858 1.6412 55.718 180.94 24.7038
TCGA-A2-A0ER 3.5671 646.3674 33.3175 22.3686 90.3511 0 43.8307
TCGA-A2-A0ES 63.6017 0.1046 81.3585 187.4009 0 31.0821 51.0297
TCGA-A2-A0ET 0 30.3799 0.5591 127.49 121.6472 29.1586 0
TCGA-A2-A0EU 10.7454 0.3705 87.4599 69.1523 152.4418 43.2866 0
TCGA-A2-A0EV 17.6624 0.0516 154.9781 96.3908 72.2392 15.8089 136.0768
TCGA-A2-A0EW 42.4204 0.0124 171.9466 171.8764 0 39.7309 18.3083
TCGA-A2-A0EX 4.2578 0.0145 178.4944 123.8374 32.7513 201.8402 23.0454
TCGA-A2-A0EY 30.8994 0.0248 72.9889 71.1436 2.7077 19.6672 346.6445
TCGA-A2-A0ST 204.2493 0.1504 14.4099 37.2721 0 84.5627 6.9201
TCGA-A2-A0SU 11.288 30.0896 86.9361 112.1934 80.8257 104.8813 43.1886
TCGA-A2-A0SV 37.3365 0.0234 187.1742 0 115.4603 80.0592 103.5485
TCGA-A2-A0SW 60.9659 0.0041 118.0173 4.7087 64.8545 56.4853 138.5349
TCGA-A2-A0SX 193.5203 0.0056 128.254 0.2898 5.2318 47.8303 0
TCGA-A2-A0SY 9.8606 0.0011 126.4664 177.2677 0 139.8408 113.2785
TCGA-A2-A0T0 196.9204 0.0055 100.4473 0 6.5008 109.0053 6.4644
TCGA-A2-A0T1 62.3464 0.0014 194.7103 0 7.826 71.5926 325.9507
TCGA-A2-A0T2 222.8458 9e-04 48.2363 3.5118 0 149.5246 5.7913
TCGA-A2-A0T3 22.2162 0.0683 64.305 40.603 144.9579 52.1946 4.6463
TCGA-A2-A0T4 25.5451 53.6987 189.4868 75.7988 73.5238 88.4175 1.2791
TCGA-A2-A0T5 52.1455 0.0491 99.1508 116.7973 24.5481 172.8925 5.9802
TCGA-A2-A0T6 38.7845 0 311.9467 95.9976 26.1735 51.4386 0
TCGA-A2-A0T7 80.5679 0.3236 188.8647 49.0452 67.4839 25.4971 26.8642
TCGA-A2-A0YC 3.4318 0.0482 87.0592 169.4831 93.8065 17.1454 25.4444
TCGA-A2-A0YD 50.17 0.0032 264.2362 113.5967 27.386 27.9732 7.0695
TCGA-A2-A0YE 223.8078 0.0193 61.3571 0 25.0709 26.4656 0.0058
TCGA-A2-A0YF 13.4185 0.7241 16.9874 173.4311 74.9969 0 87.0622
TCGA-A2-A0YG 36.034 3.1793 44.9329 23.309 95.9566 0 218.8489
TCGA-A2-A0YH 64.063 1.8493 118.8311 11.3671 141.7542 42.8661 2.7143
TCGA-A2-A0YI 37.0537 239.4368 87.0309 183.7961 0 0 26.0757
TCGA-A2-A0YJ 243.0572 1e-04 18.8223 0 7.6339 11.05 80.7682
TCGA-A2-A0YK 85.6826 0.135 95.7449 125.495 0 30.7725 31.9708
TCGA-A2-A0YL 66.1114 0.0296 136.7506 128.5497 0 83.8653 4.0292
TCGA-A2-A0YM 251.1541 2e-04 36.1155 0 8.7918 24.3889 0
TCGA-A7-A0CD 0 5.319 47.4919 153.1843 118.3394 51.2592 0.0512
TCGA-A7-A0CE 245.5158 0.2699 23.053 14.842 13.8063 46.5786 0.7392
TCGA-A7-A0CG 38.9707 0.0053 154.7314 137.4835 0 55.4884 128.3998
TCGA-A7-A0CH 19.5251 1.4591 113.7906 196.1795 14.4841 0 80.8104
TCGA-A7-A0CJ 38.264 0.0031 22.3393 49.9309 124.2974 74.6612 0
TCGA-A7-A0D9 5.4395 0.0857 100.0937 0 198.7101 67.6611 0.0403
TCGA-A7-A0DA 202.8492 6e-04 150.3159 0 8.4632 32.8255 0.5141
TCGA-A7-A0DB 17.1014 0.0741 117.9303 169.9013 0 71.1452 170.751
TCGA-A7-A13D 248.7783 6e-04 119.3563 0 14.0771 54.5482 3.7418
TCGA-A7-A13E 209.0561 0 40.6906 0 9.0847 45.5355 0
TCGA-A7-A13F 16.4303 0.2545 58.1771 78.5524 157.2935 57.4808 37.382
TCGA-A8-A06N 0 0.1322 0 22.1401 216.1876 27.8659 0
TCGA-A8-A06O 3.7906 0.5586 72.8133 26.7639 187.3508 91.2219 3.721
TCGA-A8-A06P 6.0204 0.0058 246.9195 61.3752 108.6597 79.8623 8.3508
TCGA-A8-A06Q 11.2993 0.0077 0 90.5248 95.2828 44.9675 183.688
TCGA-A8-A06R 68.2374 0.0019 169.7947 0 79.1536 95.3912 13.4885
TCGA-A8-A06T 2.5622 6.6049 55.7236 97.2231 137.9794 30.544 0.4594
TCGA-A8-A06U 48.1511 10.1011 36.1676 58.1339 125.0602 30.038 39.2014
TCGA-A8-A06X 63.0778 1e-04 53.253 0.0906 141.8199 81.176 0
TCGA-A8-A06Y 31.9936 4.288 16.2725 170.8426 73.2676 36.6731 9.2695
TCGA-A8-A06Z 0 223.6097 11.827 56.5633 161.1136 23.1309 37.774
TCGA-A8-A075 58.9747 0.1956 139.4785 29.7213 88.4588 52.9329 58.7071
TCGA-A8-A076 7.2263 0.4123 191.2963 0.3509 118.3349 35.9616 158.4715
TCGA-A8-A079 0 0.0135 28.8824 64.7214 188.5462 115.5381 0
TCGA-A8-A07B 52.1154 0.001 105.3252 8.7256 104.9706 71.8222 75.8987
TCGA-A8-A07C 225.1847 0 22.1142 0 14.2024 17.764 0.008
TCGA-A8-A07E 67.1904 0.0075 213.7959 77.3694 43.2128 43.6886 27.9221
TCGA-A8-A07F 26.9419 0.0071 99.486 111.5437 68.9433 0 42.2089
TCGA-A8-A07G 46.3375 0.0079 300.8614 115.8331 56.8538 27.4545 37.738
TCGA-A8-A07I 21.458 3e-04 192.3889 0.2251 132.4711 9.4362 135.5031
TCGA-A8-A07J 59.7532 0.0687 253.9299 77.4587 38.0253 30.8279 0
TCGA-A8-A07L 0.2174 0 99.2231 0.0159 191.8407 63.2276 0.0063
TCGA-A8-A07O 217.7869 3.013 33.8241 0 21.3497 68.2626 1.3445
TCGA-A8-A07P 0 1.664 89.9264 69.9911 177.0622 82.351 9.5126
TCGA-A8-A07R 267.885 0.1547 18.1572 0 30.0684 32.3027 0.1659
TCGA-A8-A07S 20.6719 0.0118 63.9095 214.2437 38.1925 25.3329 34.5026
TCGA-A8-A07U 247.3056 0.0013 63.0719 15.7741 0.0036 0 17.0707
TCGA-A8-A07W 37.8706 0.0019 118.8083 0 186.3432 36.6066 4.9812
TCGA-A8-A07Z 1.4339 2.1125 36.3907 122.2221 142.6817 58.4858 27.247
TCGA-A8-A081 52.8068 6e-04 8.2286 52.4269 111.3768 8.3653 80.9569
TCGA-A8-A082 2.9047 0 91.7571 28.6569 168.2061 56.8482 34.2034
TCGA-A8-A083 0.9372 0.0023 5.0405 172.6583 82.728 45.1476 1.493
TCGA-A8-A084 29.6081 6e-04 131.8743 93.3705 15.5175 0 233.313
TCGA-A8-A085 0 3.2485 125.392 29.6087 179.2399 70.2082 0
TCGA-A8-A086 2.3891 1.7673 193.1151 50.6029 146.0141 93.1909 0
TCGA-A8-A08A 0.0146 0 134.7123 183.108 30.5554 74.5451 50.8007
TCGA-A8-A08B 40.3704 0.012 26.9525 28.2045 19.9524 73.2147 329.2681
TCGA-A8-A08C 16.2675 0 53.6162 237.5244 7.864 37.7832 43.7582
TCGA-A8-A08F 53.5734 18.4099 136.0435 20.0903 132.7216 30.4683 0.0067
TCGA-A8-A08G 6.1146 68.6219 95.439 0.16 206.4127 45.1628 0.2889
TCGA-A8-A08H 140.4572 0.0778 313.4089 19.7148 0 69.8196 1.2899
TCGA-A8-A08I 141.8661 0.0365 4.7135 92.3245 51.0962 0 20.0721
TCGA-A8-A08J 2.876 62.6708 146.5442 0 118.1056 34.1409 201.281
TCGA-A8-A08L 90.4324 1.0139 65.2067 0 88.9173 45.9144 63.2666
TCGA-A8-A08O 12.0994 0.1959 147.3508 67.9688 120.7536 26.1264 0
TCGA-A8-A08P 71.2402 0.0063 101.5142 3.8163 104.9448 51.1919 43.3628
TCGA-A8-A08R 238.0188 0 67.325 0 24.6166 0 0.6611
TCGA-A8-A08T 20.3009 2.3327 71.9866 103.0437 90.5753 78.2207 2.1723
TCGA-A8-A08X 89.7448 1e-04 200.4956 0 2.1872 81.8768 191.6921
TCGA-A8-A08Z 57.6274 0.0472 264.6984 55.1419 52.4336 43.2143 0
TCGA-A8-A090 25.3967 0 92.6392 106.6803 132.2434 0 0
TCGA-A8-A091 3.6249 429.9934 62.4081 15.7839 98.1113 0 0
TCGA-A8-A092 17.5855 0.449 70.8679 0.1633 156.4263 77.9796 79.9417
TCGA-A8-A093 0 0.4642 186.3381 125.9792 81.6165 76.3589 0
TCGA-A8-A094 82.4944 0 74.3852 17.8225 28.3369 5.62 266.6188
TCGA-A8-A095 49.8243 0.0379 84.8693 129.308 30.6314 36.2884 35.7385
TCGA-A8-A096 45.2502 0.0125 201.4659 167.1261 20.792 27.4714 33.5097
TCGA-A8-A097 42.67 0 212.1039 34.4628 101.5956 20.3215 56.8539
TCGA-A8-A099 2.6826 3.2193 58.1759 169.5457 76.1622 0 36.0108
TCGA-A8-A09A 27.9729 0.3829 158.5048 17.8971 173.022 30.374 0
TCGA-A8-A09B 7.1307 95.044 112.3619 120.0862 77.9593 27.0967 35.6363
TCGA-A8-A09C 8e-04 0.1423 86.7256 92.3256 97.0598 120.9375 0
TCGA-A8-A09D 37.4926 17.6589 205.0589 0 126.9809 70.7339 0.2781
TCGA-A8-A09G 34.22 2e-04 44.0454 72.1762 3.3996 0 403.0475
TCGA-A8-A09I 18.3413 0.0321 87.0758 0 88.029 31.3851 297.8556
TCGA-A8-A09M 17.1356 2.2014 40.4528 63.7362 137.5008 74.5917 7.1985
TCGA-A8-A09N 6.857 0.704 86.8464 66.1408 161.1661 42.5452 5.0537
TCGA-A8-A09Q 1.6349 0.3785 88.9833 70.4922 154.4425 128.2056 0
TCGA-A8-A09R 33.7533 6.4047 192.2905 45.0752 123.7243 1e-04 36.3365
TCGA-A8-A09T 8.7347 0.0023 116.2206 80.0515 103.1378 65.6008 2.0474
TCGA-A8-A09V 7.0122 0.0246 134.8513 157.7351 52.1289 10.3041 0
TCGA-A8-A09W 0.0578 0.0029 73.0585 30.0028 144.968 76.1952 136.6045
TCGA-A8-A09X 55.6329 2e-04 104.0387 12.9822 41.3268 131.826 161.1052
TCGA-A8-A09Z 74.8654 5e-04 20.9425 106.5395 80.2402 54.4153 36.6996
TCGA-A8-A0A1 56.3811 15.0468 149.6205 150.7425 22.0895 0 38.3388
TCGA-A8-A0A2 0.1969 0.0091 112.2501 152.0991 85.0832 34.1695 11.1689
TCGA-A8-A0A4 67.1839 1.2572 67.5512 143.537 37.7191 50.5772 37.0271
TCGA-A8-A0A6 69.599 0.8699 48.5234 113.3054 0 0 269.7908
TCGA-A8-A0A7 96.4812 0.082 171.941 0 43.8443 85.4426 132.8022
TCGA-A8-A0A9 5.8025 0.0017 117.7732 95.6172 120.6626 71.0139 0.2457
TCGA-A8-A0AB 26.6148 0.0667 64.5037 119.2704 86.2097 28.3748 5.5936
TCGA-A8-A0AD 0.0379 0.3816 197.3912 122.7039 37.3998 16.4433 126.6751
TCGA-AN-A03X 0 0.2749 422.3214 33.1942 78.3503 94.0623 45.4878
TCGA-AN-A03Y 2.1142 0.0346 37.3341 52.4476 128.34 198.5746 2.5354
TCGA-AN-A041 14.203 571.1023 235.128 0 54.3756 0 6.3873
TCGA-AN-A046 7.31 0.2302 127.9087 195.3536 35.8454 166.0793 30.0034
TCGA-AN-A049 27.5593 0.0936 143.5398 98.457 108.2457 46.0427 35.5524
TCGA-AN-A04A 24.3886 44.4072 278.7943 11.327 108.7832 143.0504 8.8628
TCGA-AN-A04C 36.3991 0 17.5276 0 23.9385 229.2403 245.7922
TCGA-AN-A04D 172.6525 7e-04 0 0.408 30.5833 82.561 3.889
TCGA-AN-A0AJ 78.2048 0.0081 64.3732 3.9032 124.1412 118.5541 0
TCGA-AN-A0AK 33.3652 0.1978 19.3114 0 154.408 104.2182 30.005
TCGA-AN-A0AL 225.5662 0.1518 145.0094 26.45 0 25.8297 0
TCGA-AN-A0AM 86.8101 2.0524 114.281 1e-04 79.3479 92.6208 182.2239
TCGA-AN-A0AR 153.6355 0.0503 9.0722 1.7035 0 233.466 0
TCGA-AN-A0AS 48.1528 0.0034 296.6149 41.025 52.7948 159.6181 13.2388
TCGA-AN-A0AT 212.7282 6e-04 19.558 0 7.1408 112.0744 0.0026
TCGA-AN-A0FD 8.897 43.811 226.4575 68.8464 75.7765 171.2617 0
TCGA-AN-A0FF 23.0161 91.984 97.0573 91.9829 95.9078 25.3588 1.3567
TCGA-AN-A0FJ 211.6046 2e-04 40.0295 1.1833 8.3435 76.8799 0
TCGA-AN-A0FK 3.3069 0.0758 56.0193 254.9786 35.6131 36.4148 91.2619
TCGA-AN-A0FL 177.5901 4e-04 3.7583 0.2953 3.6619 124.4458 121.103
TCGA-AN-A0FN 36.985 0.0697 462.1228 69.4553 0 79.3717 34.8485
TCGA-AN-A0FS 14.454 0.0565 153.8921 164.1853 29.433 72.4997 9.4585
TCGA-AN-A0FT 0 0.046 97.5335 0 45.7892 157.0621 295.4254
TCGA-AN-A0FV 14.0928 0.052 180.9178 0 44.6877 20.1869 377.1365
TCGA-AN-A0FW 0.2611 120.7257 73.1312 48.4825 133.7984 128.9987 11.6474
TCGA-AN-A0FX 208.3856 0.0664 94.2596 0.5748 4.4671 81.3958 0.0941
TCGA-AN-A0FY 25.0488 0.0267 145.3086 1.9201 132.3254 91.0915 0.483
TCGA-AN-A0FZ 0 0.0743 114.3095 5.1818 147.6367 49.16 142.0277
TCGA-AN-A0G0 221.1991 0 54.791 2.2185 28.3473 25.2693 10.4274
TCGA-AN-A0XL 23.8961 0.0012 148.0451 127.6037 62.5439 26.0908 12.3224
TCGA-AN-A0XN 65.9082 0 479.0498 15.298 34.4199 70.2909 17.1349
TCGA-AN-A0XO 28.283 0.0672 138.7702 105.9329 77.8789 102.9097 44.7969
TCGA-AN-A0XP 1.373 1.8809 91.2343 177.8598 4.5227 0 233.1096
TCGA-AN-A0XR 16.9843 0.0031 64.6649 125.575 64.2255 34.7055 89.9394
TCGA-AN-A0XS 11.2313 5e-04 182.5382 65.3839 92.9043 60.1374 2.5373
TCGA-AN-A0XT 1.8868 0.593 24.8529 117.3392 98.4014 91.6041 5.3778
TCGA-AN-A0XU 244.6587 0 23.2659 0 24.0431 20.1351 0.0164
TCGA-AN-A0XV 32.4187 85.5194 110.3733 106.1249 51.2696 36.9566 36.3097
TCGA-AN-A0XW 70.0635 0.1415 268.5802 16.1559 65.2559 59.2855 40.0733
TCGA-AO-A03L 13.4332 0.3683 137.0685 19.2816 112.4993 99.4794 76.7381
TCGA-AO-A03O 61.8054 8e-04 19.5035 22.8475 164.295 53.7223 0.0027
TCGA-AO-A03P 0 3.3194 34.307 10.1259 183.8816 177.0146 0
TCGA-AO-A03R 24.4091 0.904 10.8093 48.4185 97.729 230.3379 5.3272
TCGA-AO-A03T 14.1137 17.6392 24.3252 11.6087 94.6188 178.3911 150.3059
TCGA-AO-A03V 19.3829 0.0725 73.0134 143.0452 69.3309 66.9674 8.7595
TCGA-AO-A0J2 83.3143 3e-04 35.5003 0 10.2087 56.171 360.629
TCGA-AO-A0J3 0 2.6442 3.0147 0.6067 194.9641 74.3007 0.1211
TCGA-AO-A0J4 266.1177 0 62.6752 0 4.5544 37.0408 0.0127
TCGA-AO-A0J6 249.1898 4e-04 9.0065 8.7956 0 47.531 0
TCGA-AO-A0J7 0 67.9805 47.1973 128.2693 76.3057 134.379 0
TCGA-AO-A0J8 33.6522 0.0029 114.7173 216.3098 9.7144 42.353 36.6563
TCGA-AO-A0J9 51.247 0.0103 149.3781 77.2835 0 268.2184 0
TCGA-AO-A0JA 29.8417 0.2391 223.0765 83.1514 73.0024 16.5568 57.4397
TCGA-AO-A0JB 23.1644 0.0039 21.302 46.302 0 462.163 57.3454
TCGA-AO-A0JC 130.1077 0.0024 13.7286 42.7373 0 111.5113 0
TCGA-AO-A0JD 80.4322 0.1656 7.0826 53.0085 113.4777 78.2214 30.2878
TCGA-AO-A0JE 67.772 0.0189 259.7635 35.19 0.2107 32.8286 278.3386
TCGA-AO-A0JF 39.9584 0.0165 234.8863 182.1629 0.0055 24.6205 19.8191
TCGA-AO-A0JG 27.3734 119.4771 93.5338 57.5657 99.6773 26.354 0.5742
TCGA-AO-A0JI 0 283.9919 11.6918 22.4019 155.4973 14.3472 0
TCGA-AO-A0JJ 49.9966 1.2565 123.1523 156.0009 0 72.6139 30.3687
TCGA-AO-A0JL 110.5615 0.9397 34.3458 0 0 267.3345 47.7095
TCGA-AO-A0JM 0.9713 1.3238 221.2848 6.1497 73.7526 53.3648 236.1115
TCGA-AO-A124 251.3405 9e-04 3.4804 7.168 0 81.1155 0
TCGA-AO-A125 0 0.018 0 219.8432 0 101.5554 51.1016
TCGA-AO-A126 0 0.5482 226.4271 60.6318 34.0427 246.1522 1.1322
TCGA-AO-A128 256.7288 0.0021 20.4086 34.0418 0 0 0.1112
TCGA-AO-A129 198.0449 6e-04 36.2972 0.5543 0 142.6002 0.0116
TCGA-AO-A12A 61.9393 0.3157 96.9185 154.9988 0.0621 65.5895 13.5552
TCGA-AO-A12B 7.8838 36.0965 0.195 284.6557 1.6072 51.9283 81.3126
TCGA-AO-A12C 0.4107 0.4006 289.3978 75.3935 85.9341 128.0181 0
TCGA-AO-A12D 32.051 0.0072 153.9911 0 1.9441 0 547.0182
TCGA-AO-A12E 38.5242 0.0498 44.9275 130.4195 78.5466 19.0726 70.9511
TCGA-AO-A12F 170.1123 0.0015 75.7766 0 3.6188 145.6795 4.5635
TCGA-AO-A12G 2.765 5.5129 103.4902 85.6027 74.9002 155.4572 67.9416
TCGA-AO-A12H 0 692.1465 20.9739 25.8896 49.9707 40.3821 0
TCGA-AQ-A04J 220.6539 0.0029 65.5728 14.744 0 53.9731 0.1732
TCGA-AR-A0TP 263.3698 1e-04 25.3926 0 8.5488 64.1123 1.0476
TCGA-AR-A0TQ 3.8985 0.0205 67.477 0 200.3602 37.2299 124.4992
TCGA-AR-A0TR 0 198.8541 0 133.7211 79.03 20.4601 0
TCGA-AR-A0TS 217.2438 3e-04 64.9303 2.9115 16.4581 9.4039 0.1169
TCGA-AR-A0TT 106.2647 0.0611 115.398 16.5941 65.8941 41.0784 0.0779
TCGA-AR-A0TU 174.7462 0 0 1e-04 1.9338 127.2175 3e-04
TCGA-AR-A0TV 44.4159 13.457 9.7296 40.2596 156.3631 54.2331 0
TCGA-AR-A0TW 36.5941 0.1126 39.9454 42.3497 153.6481 33.8126 38.1387
TCGA-AR-A0TX 48.9152 0.0165 120.9319 0 52.3799 22.2139 275.4216
TCGA-AR-A0TY 17.1855 0.0468 31.1033 0 204.0705 115.751 0.1076
TCGA-AR-A0TZ 0.0347 0.0068 87.3263 62.5482 157.5496 20.7981 0
TCGA-AR-A0U0 249.4478 4e-04 18.7423 7.1433 5.4051 0 15.8361
TCGA-AR-A0U2 38.222 0.7327 32.0467 0 155.3464 6.5701 38.3595
TCGA-AR-A0U3 35.3524 0.0625 22.499 113.2415 121.0773 9.9277 4e-04
TCGA-AR-A0U4 268.0399 4e-04 46.5434 16.1497 0 0 0
TCGA-AR-A1AH 178.8126 0 26.8221 0.4841 6.1205 88.0087 0
TCGA-AR-A1AI 261.5027 0 10.9748 4.8469 8.8801 0 0
TCGA-AR-A1AJ 229.0493 0.0039 71.1029 15.6102 0 0 0
TCGA-AR-A1AK 61.6883 0.003 56.6356 91.7351 75.7256 22.2659 34.9199
TCGA-AR-A1AL 57.4571 0.0339 129.7613 142.4285 0 19.1572 31.8499
TCGA-AR-A1AN 22.0183 0.0407 212.239 139.3244 0.0011 81.5035 117.0486
TCGA-AR-A1AO 159.9695 0.0058 233.7721 11.8676 0 54.1531 38.5339
TCGA-AR-A1AP 67.3384 0.0048 108.7712 96.0921 74.2225 50.0747 28.2609
TCGA-AR-A1AQ 210.7892 0.0014 42.968 4.4477 0 83.7962 0
TCGA-AR-A1AR 207.3568 0 91.506 13.2001 0 36.9638 0
TCGA-AR-A1AS 24.874 0 95.3143 127.1377 22.4418 78.4688 139.5484
TCGA-AR-A1AT 55.63 0.001 124.4001 60.6128 0 49.106 351.7531
TCGA-AR-A1AU 35.1382 0.6656 136.7671 70.5007 119.1678 69.8088 0
TCGA-AR-A1AV 5.2464 72.4176 114.0251 130.5123 101.3074 0.0264 17.2289
TCGA-AR-A1AW 136.1109 2e-04 66.0506 31.4267 42.011 22.7024 9.3657
TCGA-AR-A1AX 69.4321 0.0543 97.4095 78.6987 53.0192 24.8154 87.8156
TCGA-AR-A1AY 241.1829 0.0013 52.6963 0 15.5456 0 0.1068
TCGA-B6-A0I2 206.6466 0 0 5.7774 0 197.1184 0
TCGA-B6-A0I5 8.4641 0.0233 63.5325 108.6399 0 360.4745 57.3121
TCGA-B6-A0I6 178.9733 0.0047 115.51 0.0092 1.7517 86.2474 0
TCGA-B6-A0I8 0.0791 0.0732 99.3245 32.8609 160.791 20.8665 108.6949
TCGA-B6-A0I9 17.271 0.0044 32.4325 4.9863 139.3143 53.3033 198.2992
TCGA-B6-A0IA 0 321.0601 6.9025 123.2529 0 158.5264 178.4579
TCGA-B6-A0IB 0 2.369 25.8032 130.0272 36.5921 79.4336 174.5098
TCGA-B6-A0IC 0.0053 0.2784 0 173.0849 84.3494 17.5575 0
TCGA-B6-A0IE 6.014 7.7735 37.3632 31.3214 98.8085 246.4751 31.2917
TCGA-B6-A0IG 2.1924 0.0118 79.4397 27.6587 45.8305 117.4816 310.9675
TCGA-B6-A0IH 66.9162 0.3604 168.7698 120.924 0 50.6269 8.1922
TCGA-B6-A0IJ 236.4993 0.0027 5.9082 9.8661 0 100.4723 0
TCGA-B6-A0IK 99.3179 2.6071 47.7536 1.4011 54.049 84.1016 160.289
TCGA-B6-A0IM 0.2204 2.5244 131.6513 129.1542 119.7128 34.3276 0
TCGA-B6-A0IN 11.4587 132.6172 89.6625 0 93.5529 160.3033 106.4086
TCGA-B6-A0IO 19.4881 3.2759 24.4378 174.9253 73.5845 93.4581 15.2067
TCGA-B6-A0IP 19.8535 2.3044 52.4017 162.8878 45.9786 80.2205 7.7732
TCGA-B6-A0IQ 174.4833 6e-04 8.4166 0.0759 0 187.7434 9e-04
TCGA-B6-A0RE 227.4848 0.0031 54.2564 2e-04 2.9126 73.7067 1.8041
TCGA-B6-A0RG 4.3502 3.4334 96.8451 31.2451 202.2852 82.9219 1.1375
TCGA-B6-A0RH 34.4575 0.001 143.2792 31.5651 12.9855 170.7678 320.8726
TCGA-B6-A0RI 23.6736 0.0104 225.6347 112.3137 79.0526 46.8139 0.0022
TCGA-B6-A0RL 0 0.0415 0 19.5815 189.0298 72.7669 0
TCGA-B6-A0RM 0 0.0185 30.9514 80.3607 135.8682 74.4912 16.7041
TCGA-B6-A0RN 0.0199 0.0011 236.5479 115.7188 27.2101 128.9281 3.3581
TCGA-B6-A0RO 8.8184 0.0858 16.4713 188.303 53.6575 0 203.1254
TCGA-B6-A0RP 5.3025 141.8464 180.5958 174.1516 0 14.146 56.5249
TCGA-B6-A0RQ 95.1049 0.1983 12.927 141.3392 0 85.6747 32.7134
TCGA-B6-A0RS 120.1794 0.0038 60.0242 24.1293 0 112.2893 187.6493
TCGA-B6-A0RT 182.3514 0.0098 43.1031 9.108 0 56.4432 0
TCGA-B6-A0RU 188.49 0.0841 51.142 9.8911 5.8874 101.9333 0.6179
TCGA-B6-A0RV 25.9641 0.734 27.0182 144.713 37.1898 86.1035 77.8235
TCGA-B6-A0WS 17.1715 0.0078 137.9964 72.728 90.294 25.42 85.3959
TCGA-B6-A0WT 15.1137 9.641 189.0717 84.5236 93.6913 7.6485 15.09
TCGA-B6-A0WV 10.4405 9.4576 46.5539 46.4465 155.0327 42.8337 0
TCGA-B6-A0WW 11.1327 16.1578 107.7106 46.0927 168.081 32.7965 2.8782
TCGA-B6-A0WX 148.4908 0 228.5422 4.403 0 111.0131 0.5081
TCGA-B6-A0WY 95.2752 0.0044 93.4821 60.8705 52.0929 88.9202 11.1296
TCGA-B6-A0WZ 0 8e-04 62.2813 154.4996 0 102.2636 191.6424
TCGA-B6-A0X0 20.3883 0.0021 14.4462 173.2985 0 170.2211 27.4532
TCGA-B6-A0X1 229.6455 3e-04 3.9862 11.5759 18.6626 0 8.3036
TCGA-B6-A0X4 10.2423 872.5445 9.7935 0 0 0 68.8339
TCGA-B6-A0X5 17.0999 0.0166 26.1729 73.5897 80.6447 39.7625 82.5729
TCGA-B6-A0X7 7.5163 0.0439 188.7304 88.8478 50.4136 111.721 9.2143
TCGA-BH-A0AU 5.0878 0.0076 187.413 48.8874 162.2007 26.7345 0
TCGA-BH-A0AV 210.1901 2e-04 297.7301 0.5208 9e-04 38.9815 0
TCGA-BH-A0AW 50.3461 0.0193 98.7196 0 15.8643 152.5402 285.2147
TCGA-BH-A0AY 34.0352 0.4663 214.8737 27.1984 69.81 116.2063 47.6259
TCGA-BH-A0AZ 7.9809 0.1095 470.0871 53.199 13.8337 73.1888 145.2109
TCGA-BH-A0B0 53.3097 0.0016 295.5792 83.7712 0 82.9366 106.0153
TCGA-BH-A0B1 36.9439 0.0196 100.3776 154.8146 145.9454 0.0142 0
TCGA-BH-A0B3 261.5938 0 119.9656 0 11.1162 33.672 0.056
TCGA-BH-A0B4 8.5427 0.0042 185.5662 0.3526 125.2662 136.4346 1.77
TCGA-BH-A0B5 48.3118 0.0052 148.9727 87.6862 54.491 40.1242 0
TCGA-BH-A0B7 100.406 0.0029 136.6058 41.4843 0.0297 2e-04 256.6124
TCGA-BH-A0B8 3.239 27.1564 59.5888 113.705 105.8084 110.4191 0.3715
TCGA-BH-A0B9 183.4173 0.0037 0 1.0822 0 225.702 0
TCGA-BH-A0BA 25.8132 0.1764 58.9366 110.6922 23.8241 0 173.5951
TCGA-BH-A0BC 60.4815 0.2692 119.3413 111.4427 43.2741 101.992 0
TCGA-BH-A0BD 90.0103 0.0012 106.1784 135.7011 43.7977 34.4079 44.1612
TCGA-BH-A0BF 84.8983 5e-04 344.5427 1.713 46.3834 63.5334 7.1588
TCGA-BH-A0BG 246.2376 0 32.5838 9.4155 0 67.2392 0
TCGA-BH-A0BJ 35.8815 1.3982 144.8008 143.5428 38.3628 68.4068 1.4186
TCGA-BH-A0BL 200.3316 0.0011 207.7304 3.649 4.4366 0.0039 0.3938
TCGA-BH-A0BM 15.465 0.9216 83.855 143.7669 0 139.7881 130.5829
TCGA-BH-A0BO 69.7829 0.2199 143.7053 178.1667 0 0 60.5981
TCGA-BH-A0BP 44.1694 0.2558 176.4311 80.2169 60.1399 56.6459 32.1718
TCGA-BH-A0BQ 49.3117 1.4542 215.004 122.8417 0 129.5937 24.8319
TCGA-BH-A0BR 76.1448 0.0068 266.3675 50.0611 21.0975 32.1011 144.4019
TCGA-BH-A0BS 37.4509 0.0425 13.1374 247.9515 52.365 0 24.1702
TCGA-BH-A0BT 28.3568 8e-04 74.9659 76.3873 45.9052 107.2694 126.9825
TCGA-BH-A0BV 19.1967 13.1715 140.4991 145.2332 72.316 0 68.959
TCGA-BH-A0BW 214.3192 0 41.1909 0.0616 23.5791 0 0.7636
TCGA-BH-A0BZ 63.8226 0 173.1409 0 107.0213 70.828 52.4544
TCGA-BH-A0C0 96.0808 0.0244 29.0723 18.3293 87.4222 73.649 47.0912
TCGA-BH-A0C3 23.429 0.0486 210.7911 48.0056 107.3384 44.1532 9.2216
TCGA-BH-A0DD 3.7234 0.9915 60.6813 54.5847 143.2654 49.582 47.4069
TCGA-BH-A0DE 33.0007 0.8827 118.7409 99.6256 72.1126 38.4283 21.0441
TCGA-BH-A0DG 30.5646 25.6611 267.7935 16.9176 60.66 71.1123 82.9291
TCGA-BH-A0DH 7.9327 0.0134 41.8201 185.165 22.1243 0 238.4207
TCGA-BH-A0DI 48.4775 0.0346 416.93 53.1708 38.7819 75.5838 8.9074
TCGA-BH-A0DK 65.2168 135.9678 155.4319 23.5499 65.2864 96.7893 4.1314
TCGA-BH-A0DL 300.3052 0 19.2938 7.4185 0 0 10.9882
TCGA-BH-A0DP 38.8044 0.274 170.8313 166.9786 0 88.5275 15.132
TCGA-BH-A0DQ 15.2335 2.4867 264.8334 44.5314 97.8881 66.3046 10.6131
TCGA-BH-A0DS 20.9294 0.4178 133.8666 82.4284 77.4036 136.3594 16.7809
TCGA-BH-A0DT 45.8861 0.0188 114.8994 158.6698 20.4617 62.7934 4.7942
TCGA-BH-A0DX 55.6334 0.0031 275.8777 73.0075 39.2072 43.819 62.9701
TCGA-BH-A0DZ 44.5129 0.0015 251.514 21.6725 63.9952 122.9688 89.8031
TCGA-BH-A0E0 125.4263 0.7725 4.1762 0 17.9071 261.6381 12.8847
TCGA-BH-A0E1 10.2204 42.338 72.0473 190.0749 0 30.5265 226.6384
TCGA-BH-A0E2 20.2594 17.1459 132.8025 19.9512 125.48 146.107 0
TCGA-BH-A0E6 151.0096 0.0666 25.5356 2.6645 0 259.5031 9.2712
TCGA-BH-A0E7 2.6132 0.0027 69.8208 164.022 101.3301 0 17.5675
TCGA-BH-A0EA 54.5159 0.0329 131.5366 142.6709 4e-04 55.7842 12.8839
TCGA-BH-A0EB 49.0051 0.2787 140.2215 214.2518 0 37.4083 33.6979
TCGA-BH-A0EE 82.7221 0.0435 0 4.7218 0.2676 75.1237 384.4295
TCGA-BH-A0EI 0.6101 0.4329 281.796 62.7559 97.6653 66.6914 0
TCGA-BH-A0GY 76.4368 0.0136 101.4688 4.5224 136.4177 60.9903 3.0847
TCGA-BH-A0GZ 5.7031 0.0825 148.4476 53.8576 107.3699 114.0211 29.1306
TCGA-BH-A0H0 2.222 0.0656 4.4593 66.6129 148.3769 47.9313 34.4252
TCGA-BH-A0H3 48.5698 0.332 182.068 122.9235 31.4827 42.2872 0
TCGA-BH-A0H5 113.5897 0.3852 50.7773 112.266 0 61.0645 27.5347
TCGA-BH-A0H6 0.0837 0.2753 201.7064 47.6946 118.5171 58.2259 12.2577
TCGA-BH-A0H7 3.3383 0.0337 368.1939 0.637 153.069 85.113 10.1303
TCGA-BH-A0H9 24.1462 9.5995 60.3694 70.1691 117.5089 70.9178 35.5381
TCGA-BH-A0HA 11.6994 339.8186 246.6651 0 39.1761 117.0836 19.4905
TCGA-BH-A0HB 32.4967 10.0021 60.7852 0.1063 155.7818 154.4447 7.0061
TCGA-BH-A0HF 60.6034 2.5744 183.7218 133.5431 0 75.9262 91.8335
TCGA-BH-A0HI 10.4815 40.4399 98.9595 228.7664 0 34.8036 86.268
TCGA-BH-A0HK 47.4885 7e-04 69.239 171.4476 0.1544 160.1215 13.9629
TCGA-BH-A0HL 0 264.7362 28.5962 0.0235 124.6506 33.1792 0
TCGA-BH-A0HN 0 2e-04 8.482 168.2822 56.1803 116.4838 13.4238
TCGA-BH-A0HO 28.5693 700.3008 47.0052 91.6593 0 0.3985 38.0666
TCGA-BH-A0HP 30.6058 0.029 100.1718 142.8599 0 107.5146 93.6483
TCGA-BH-A0HQ 15.4759 0.0343 172.7318 106.1713 45.4856 63.9477 98.2753
TCGA-BH-A0HU 15.943 2.5331 37.7873 38.8477 80.5984 166.6361 63.9272
TCGA-BH-A0HW 0 1.6554 7.7561 5.8195 233.5165 78.3579 0
TCGA-BH-A0HX 15.7194 59.7515 125.0223 4.9841 157.0004 79.2913 0
TCGA-BH-A0HY 1.3988 0.1471 150.618 15.9323 46.4433 73.15 363.4854
TCGA-BH-A0RX 193.9923 0.1398 71.4941 6.7142 0 170.8718 0.021
TCGA-BH-A0W3 1.142 0.5258 18.7127 166.2282 93.5445 0 13.9972
TCGA-BH-A0W4 28.0474 0.0724 151.0429 151.4708 46.5563 53.8033 0.0708
TCGA-BH-A0W5 38.7255 0.0025 129.0347 113.3307 35.6672 68.4425 15.1561
TCGA-BH-A0W7 46.5602 0.037 167.8636 70.9839 33.9085 108.7943 66.4403
TCGA-BH-A0WA 260.6903 2e-04 64.9112 0 15.6489 0 0.0126
TCGA-BH-A18F 61.4991 0.0019 155.1071 79.4491 27.3654 48.046 42.6439
TCGA-BH-A18G 206.3888 0 78.9621 32.8991 0 213.4126 0
TCGA-BH-A18H 24.1288 0.0064 45.6692 64.5692 144.6912 85.5861 0
TCGA-BH-A18I 29.0447 0.0255 237.0568 67.9798 64.7921 38.34 24.1024
TCGA-BH-A18J 78.8013 0.0246 160.9314 137.2927 18.4167 47.7686 35.8579
TCGA-BH-A18K 13.1658 0.0646 180.566 52.1168 68.9229 102.3164 69.2195
TCGA-BH-A18L 0.3323 0.5318 6.0768 9.872 231.9031 41.1392 21.8426
TCGA-BH-A18M 34.2816 4.3697 206.2333 100.8803 66.6744 57.4712 0
TCGA-BH-A18N 0.0044 0.8939 40.7469 138.1045 128.8989 24.051 0
TCGA-BH-A18P 46.2219 0.0032 106.2106 64.8181 36.7212 13.6657 149.1939
TCGA-BH-A18Q 227.9987 0.303 13.2047 28.0817 0 28.1889 5.6487
TCGA-BH-A18R 29.035 8.0472 46.3158 0 140.2004 78.2731 89.3581
TCGA-BH-A18S 0.7906 7.8529 5.7974 227.0447 21.2582 4.2803 147.0268
TCGA-BH-A18T 252.9085 1e-04 16.3581 0 13.8645 50.7722 0.1198
TCGA-BH-A18U 16.0647 0.2554 100.0173 67.9992 96.1935 78.2674 146.3445
TCGA-BH-A18V 266.8408 0 64.7889 0 11.1352 0 0.1633
TCGA-BH-A1EO 50.7791 0.0723 303.6487 51.5028 74.5961 24.9235 4.1921
TCGA-BH-A1ES 14.9526 0.3339 130.7256 5.568 143.6331 83.7185 0
TCGA-BH-A1ET 3.9696 12.7012 90.9387 179.4113 4.5441 0 168.6297
TCGA-BH-A1EU 57.6042 2.3933 137.4922 182.9683 0 0 3.6943
TCGA-BH-A1EV 16.8352 0 147.6522 81.1538 27.8714 24.4449 297.7157
TCGA-BH-A1EW 71.4964 0.0021 41.9936 78.7611 104.6456 0 25.1042
TCGA-BH-A1F0 207.2183 0.0037 68.7177 26.7239 0 14.8188 6.4523
TCGA-C8-A12K 238.5981 6e-04 26.0065 7.1956 0 69.5852 0
TCGA-C8-A12L 175.6585 0 72.148 0 17.2053 0 150.6439
TCGA-C8-A12M 0 0 22.8976 1.1405 225.2455 62.8335 0
TCGA-C8-A12N 13.3011 0.751 262.6827 96.1809 48.4834 112.7827 3.0145
TCGA-C8-A12O 56.3933 0 216.0536 58.6142 79.7016 21.2539 114.0749
TCGA-C8-A12P 93.7551 0 171.6944 0 22.4238 17.3698 252.8167
TCGA-C8-A12Q 47.5299 0.0146 140.9113 0 30.7901 0 355.587
TCGA-C8-A12T 3.4367 0.0046 284.4168 0 105.7975 227.6489 31.6434
TCGA-C8-A12U 24.1896 0.3564 3.8395 0 174.9018 69.7429 60.4564
TCGA-C8-A12V 227.6275 6e-04 26.7989 15.2059 0 25.2933 0
TCGA-C8-A12W 8.301 0 212.9349 0 179.6456 55.8562 14.9887
TCGA-C8-A12X 19.7682 1.7065 27.1818 39.9384 164.3099 69.6382 34.3079
TCGA-C8-A12Y 14.2403 2.096 80.356 68.6735 78.5107 155.2095 53.0407
TCGA-C8-A12Z 20.04 0.0275 110.1585 73.8332 0 0.006 525.9297
TCGA-C8-A130 45.6699 5e-04 93.0941 1.8578 93.898 117.9108 20.216
TCGA-C8-A131 108.9979 0.0054 173.2951 1.2146 0 127.7265 171.2032
TCGA-C8-A132 43.915 1.2463 196.1745 28.7999 65.4267 34.3923 162.1766
TCGA-C8-A133 0 938.2036 0 0 0 32.6868 67.9567
TCGA-C8-A134 222.2455 4e-04 20.6626 0 18.0033 22.603 0.0219
TCGA-C8-A135 51.2097 0.0016 116.1402 0 39.848 112.5856 283.1566
TCGA-C8-A137 35.641 0 135.1699 0 67.795 87.5053 178.8629
TCGA-C8-A138 34.3428 2.0168 151.3871 9.1355 27.8575 130.895 180.6981
TCGA-C8-A1HF 53.5449 0 163.7972 0 12.4544 115.3985 229.9052
TCGA-C8-A1HG 55.8014 0.0056 53.6866 2.0313 133.8726 112.1341 3.8873
TCGA-C8-A1HI 16.0692 1.0139 49.7069 57.3921 150.9206 74.3559 68.4312
TCGA-C8-A1HL 6.7159 1.5382 96.8892 32.1498 56.9683 121.3965 195.6631
TCGA-C8-A1HM 127.6283 3.6784 17.286 42.258 85.9845 16.112 20.3689
TCGA-C8-A1HN 10.8783 0.0161 48.9926 0.5118 190.4872 62.0937 0.317
TCGA-D8-A13Y 58.9821 69.9401 39.6183 0 93.4615 29.795 0.0027
TCGA-D8-A13Z 159.0877 0 109.3706 0 16.0248 0 142.9257
TCGA-D8-A140 6.7695 0.2598 59.0488 60.4632 163.7174 26.8857 0
TCGA-D8-A141 57.0794 9e-04 361.1242 79.3745 19.8079 58.3451 5.7794
TCGA-D8-A142 201.4746 9e-04 200.6316 0 10.7829 41.818 10.5475
TCGA-D8-A143 237.685 3e-04 19.3542 0 11.0191 5.5288 55.8951
TCGA-D8-A145 39.7364 0.2919 118 135.952 28.0052 32.552 16.8411
TCGA-D8-A147 211.642 2e-04 31.4611 0.0119 17.0509 11.7473 0.0544
TCGA-E2-A105 1.199 5.8705 30.0494 10.5402 159.2206 111.6093 0.1643
TCGA-E2-A106 6.3084 235.7834 29.5205 50.3861 142.6332 18.1127 34.1841
TCGA-E2-A107 0.6545 0.1429 21.1994 57.4015 123.3795 80.8101 76.3578
TCGA-E2-A108 127.863 0.1331 184.7817 64.4811 0 48.7879 20.7979
TCGA-E2-A109 5.0743 22.1422 93.1272 0 180.1938 60.2121 7.0282
TCGA-E2-A10A 16.9236 121.3683 101.992 80.9535 93.5827 0 9.8758
TCGA-E2-A10B 23.2312 2.8716 106.924 155.0934 79.873 0 13.4082
TCGA-E2-A10C 9.2928 0.0174 39.5519 22.3642 65.425 118.0918 197.3096
TCGA-E2-A10E 9.9655 1.4072 85.9075 212.5586 6.9363 0 179.1733
TCGA-E2-A10F 41.085 0.0043 230.6681 100.5621 44.2988 49.9998 0
TCGA-E2-A14N 229.126 2e-04 2.8624 2.689 0 111.1165 0
TCGA-E2-A14O 0 0.0913 50.6208 144.2191 141.5974 128.3649 27.8825
TCGA-E2-A14P 71.1065 0 19.7831 0 38.221 70.763 279.9852
TCGA-E2-A14Q 39.7449 2.5189 59.0233 129.1463 56.2036 66.2047 12.8483
TCGA-E2-A14R 196.2817 0 8.0003 0.3138 0 140.6642 0.0233
TCGA-E2-A14S 0.0778 0.0377 9.4972 98.8117 136.1164 86.8181 0
TCGA-E2-A14T 13.2031 217.658 52.8873 0 172.0617 52.9647 0.0927
TCGA-E2-A14V 25.3702 0.1073 89.4375 17.806 102.3955 74.9172 158.5065
TCGA-E2-A14W 0 0.0059 38.5474 43.7036 186.4175 96.0076 0
TCGA-E2-A14X 229.7552 0.0011 20.5966 11.4395 0.0946 67.4333 13.7319
TCGA-E2-A14Y 217.3871 0 14.708 0 1.6922 79.1227 174.7279
TCGA-E2-A14Z 72.7067 0.2 83.5964 80.502 31.2368 129.0256 22.904
TCGA-E2-A150 270.9901 6e-04 56.9973 4.7899 6.0459 0 0
TCGA-E2-A152 28.0412 0 247.9335 7.1131 30.6022 22.7746 286.2537
TCGA-E2-A153 23.3816 0.0272 363.3186 81.8863 54.5898 102.951 19.0871
TCGA-E2-A154 10.8575 0.0011 109.4585 144.1358 57.9718 72.7553 4.4542
TCGA-E2-A155 0.1345 0.0117 19.5017 45.691 208.3953 45.9812 0
TCGA-E2-A156 1.1763 0.0823 11.0391 186.8435 84.9981 13.2735 0
TCGA-E2-A158 179.1307 0.0024 0 4.4693 0 140.579 0
TCGA-E2-A159 209.2805 0.0216 59.2195 0 10.9661 0 55.7258
TCGA-E2-A15A 33.8221 0.0035 97.7167 5.8035 182.041 33.5643 6.966
TCGA-E2-A15C 9.6888 0.0074 129.0442 123.968 77.8413 23.7873 43.5337
TCGA-E2-A15D 25.7499 0.0026 99.9581 125.6327 49.3104 56.35 1.3534
TCGA-E2-A15E 39.1699 0.0018 90.3008 90.1288 60.1116 58.3698 65.4238
TCGA-E2-A15F 22.0232 117.8756 43.0801 49.0339 158.4984 0 0
TCGA-E2-A15G 1e-04 0.0539 31.1462 190.5215 55.3805 34.6419 11.3032
TCGA-E2-A15H 6.7815 33.0909 123.2873 36.5718 104.6008 75.8943 98.3433
TCGA-E2-A15I 38.7018 0.8471 55.8121 218.5068 0 0 23.1476
TCGA-E2-A15J 1.6363 0.0026 51.9014 173.6375 51.7294 147.4111 13.3982
TCGA-E2-A15K 38.853 7.574 71.8502 133.1894 36.216 35.0742 53.7903
TCGA-E2-A15L 15.0949 0.0151 205.5258 155.4893 52.3662 38.6646 0.004
TCGA-E2-A15M 95.0458 0.3864 117.6111 106.375 29.8428 0 36.7773
TCGA-E2-A15O 5.7931 0.0032 28.0891 45.4139 149.9424 49.2594 0.4131
TCGA-E2-A15P 24.1956 159.144 73.9697 128.8844 63.8677 0 7.8114
TCGA-E2-A15R 0.2714 4.7651 44.5445 20.7987 192.1401 28.4797 0
TCGA-E2-A15S 0.1244 1.4054 15.4879 7.0144 205.7186 57.1611 0
TCGA-E2-A15T 10.7108 2e-04 12.7008 111.8928 143.3575 15.0984 0
TCGA-E2-A1AZ 170.9673 0.0015 100.0544 0 14.756 37.1359 0.0054
TCGA-E2-A1B0 115.9645 0 121.3623 0 16.6955 0 269.7689
TCGA-E2-A1B1 84.8892 0.0955 202.6242 45.4272 49.0912 16.0829 66.589
TCGA-E2-A1B4 0 0.0071 54.3052 179.1596 0 91.5199 124.7846
TCGA-E2-A1B5 75.7315 0.0078 34.2948 116.9379 0 147.7909 37.3498
TCGA-E2-A1B6 164.799 0 1.5705 0.9163 0 159.5203 2.3512
TCGA-E2-A1BC 15.5701 0.0049 198.4769 119.4252 49.4379 19.3804 25.8093
TCGA-E2-A1BD 3.519 0.0093 75.0123 148.9196 9e-04 125.0691 124.8722
