1 2 3
TCGA-A1-A0SD 24.8486 106.0657 146.6461
TCGA-A1-A0SE 68.4336 68.0299 188.6476
TCGA-A1-A0SH 55.8799 11.2119 701.011
TCGA-A1-A0SJ 46.7834 112.7141 111.1036
TCGA-A1-A0SK 184.5367 6.3424 9.9136
TCGA-A1-A0SM 54.1936 78.8828 336.968
TCGA-A1-A0SO 156.1309 3.9902 5.0711
TCGA-A2-A04N 40.3397 75.6546 240.5851
TCGA-A2-A04P 236.0849 0 47.1408
TCGA-A2-A04Q 204.3979 0.0018 76.6943
TCGA-A2-A04R 0.6048 153.347 94.912
TCGA-A2-A04T 217.6956 0 7.9638
TCGA-A2-A04U 216.4811 0 40.4075
TCGA-A2-A04V 74.6872 87.7203 191.8698
TCGA-A2-A04W 162.8473 12.7431 280.7448
TCGA-A2-A04X 81.2898 94.0531 68.0231
TCGA-A2-A04Y 88.7235 101.3392 34.2969
TCGA-A2-A0CL 104.8939 19.8996 143.9025
TCGA-A2-A0CM 167.2829 0.0021 80.0357
TCGA-A2-A0CP 120.1295 37.1935 299.4824
TCGA-A2-A0CQ 59.1093 117.3157 42.3931
TCGA-A2-A0CS 35.756 90.4013 277.8138
TCGA-A2-A0CT 26.6475 114.1579 56.6417
TCGA-A2-A0CU 10.186 139.1642 76.2764
TCGA-A2-A0CV 101.8132 51.4653 157.5451
TCGA-A2-A0CW 79.0606 80.234 31.3037
TCGA-A2-A0CX 148.3866 22.1271 197.2476
TCGA-A2-A0CY 278.5416 33.2272 4.5145
TCGA-A2-A0CZ 111.9462 14.0855 415.1291
TCGA-A2-A0D0 251.9178 0 0.183
TCGA-A2-A0D1 186.4771 24.6858 64.1839
TCGA-A2-A0D2 189.1792 0.001 75.7231
TCGA-A2-A0D3 47.9129 107.517 52.3768
TCGA-A2-A0D4 9.6095 146.4024 24.8889
TCGA-A2-A0EM 26.8091 94.9929 197.5539
TCGA-A2-A0EN 89.8572 60.6043 264.8274
TCGA-A2-A0EO 66.742 72.6204 262.6105
TCGA-A2-A0EQ 180.98 23.8586 47.9237
TCGA-A2-A0ER 0.0404 186.332 38.3244
TCGA-A2-A0ES 64.797 75.4488 143.5009
TCGA-A2-A0ET 0.0319 137.6884 9.2802
TCGA-A2-A0EU 19.394 113.9637 109.6932
TCGA-A2-A0EV 32.9854 92.0181 206.0412
TCGA-A2-A0EW 48.8008 60.4842 241.1078
TCGA-A2-A0EX 107.702 64.83 218.5999
TCGA-A2-A0EY 112.8847 52.8774 106.8977
TCGA-A2-A0ST 195.2778 7.31 29.3274
TCGA-A2-A0SU 47.7688 113.3338 112.7198
TCGA-A2-A0SV 110.6019 46.3339 213.7792
TCGA-A2-A0SW 104.2015 41.1992 139.6797
TCGA-A2-A0SX 153.6549 0.0023 147.5223
TCGA-A2-A0SY 76.9609 92.2927 186.9317
TCGA-A2-A0T0 194.4387 0.0028 111.3024
TCGA-A2-A0T1 169.2957 2.5281 255.7887
TCGA-A2-A0T2 233.8521 0 53.9886
TCGA-A2-A0T3 41.2036 94.1787 77.5678
TCGA-A2-A0T4 54.998 77.5496 223.1657
TCGA-A2-A0T5 122.8181 60.8149 124.4741
TCGA-A2-A0T6 64.4932 22.8101 384.8894
TCGA-A2-A0T7 84.9793 36.6459 237.9963
TCGA-A2-A0YC 5.815 126.4123 122.2413
TCGA-A2-A0YD 52.2008 41.6178 332.5709
TCGA-A2-A0YE 181.139 0.0581 74.9858
TCGA-A2-A0YF 10.4459 135.0295 37.2364
TCGA-A2-A0YG 74.5083 75.6889 70.2294
TCGA-A2-A0YH 76.3985 67.8745 139.0783
TCGA-A2-A0YI 11.4039 129.4324 131.068
TCGA-A2-A0YJ 205.5851 0 26.6753
TCGA-A2-A0YK 85.9605 38.6959 154.6606
TCGA-A2-A0YL 92.189 39.9427 187.6944
TCGA-A2-A0YM 189.9471 0 45.3144
TCGA-A7-A0CD 1.0696 145.1191 73.8551
TCGA-A7-A0CE 200.5027 7.8762 31.1248
TCGA-A7-A0CG 93.773 47.6782 213.2537
TCGA-A7-A0CH 23.4814 92.9817 167.4945
TCGA-A7-A0CJ 65.2285 87.5376 29.2943
TCGA-A7-A0D9 30.3301 108.4132 114.4707
TCGA-A7-A0DA 154.5245 0 168.6338
TCGA-A7-A0DB 89.6317 75.1202 165.0623
TCGA-A7-A13D 205.5082 0 132.6259
TCGA-A7-A13E 172.21 0 48.2653
TCGA-A7-A13F 35.334 128.6687 77.1933
TCGA-A8-A06N 0 137.7387 1.6919
TCGA-A8-A06O 53.5286 107.1935 84.7429
TCGA-A8-A06P 46.906 71.6199 288.0153
TCGA-A8-A06Q 46.7827 127.5291 6.5732
TCGA-A8-A06R 118.1831 22.7215 185.8175
TCGA-A8-A06T 9.828 119.6241 73.7009
TCGA-A8-A06U 58.025 95.1571 48.7755
TCGA-A8-A06X 97.1866 65.2765 60.8897
TCGA-A8-A06Y 34.4807 121.3982 27.6081
TCGA-A8-A06Z 0.0216 169.6027 19.6557
TCGA-A8-A075 90.8006 48.7611 170.2802
TCGA-A8-A076 66.5715 60.1811 227.3491
TCGA-A8-A079 37.0061 145.3673 39.1233
TCGA-A8-A07B 105.0914 48.7425 127.5656
TCGA-A8-A07C 173.0321 7e-04 29.9616
TCGA-A8-A07E 78.3906 40.7111 264.3224
TCGA-A8-A07F 26.5931 77.5245 147.0151
TCGA-A8-A07G 58.5223 58.5036 371.0339
TCGA-A8-A07I 55.116 62.8619 244.5971
TCGA-A8-A07J 61.6079 32.1066 309.58
TCGA-A8-A07L 31.5239 98.6037 115.7479
TCGA-A8-A07O 194.6088 4.4706 40.4101
TCGA-A8-A07P 8.9632 146.559 117.9467
TCGA-A8-A07R 218.3379 3.827 21.7588
TCGA-A8-A07S 16.3268 124.6143 95.5413
TCGA-A8-A07U 178.4433 0.3943 83.1436
TCGA-A8-A07W 66.4647 78.616 137.9969
TCGA-A8-A07Z 17.1524 145.8004 51.4495
TCGA-A8-A081 56.2452 91.3997 16.8471
TCGA-A8-A082 26.249 109.9173 111.6613
TCGA-A8-A083 4.6964 134.1968 16.6901
TCGA-A8-A084 78.184 53.5137 176.6235
TCGA-A8-A085 13.8688 119.2496 149.449
TCGA-A8-A086 39.7341 99.7001 217.3554
TCGA-A8-A08A 21.4836 112.1256 173.4257
TCGA-A8-A08B 125.9674 56.4494 57.3354
TCGA-A8-A08C 15.536 122.3368 92.8203
TCGA-A8-A08F 62.9117 68.4314 156.9928
TCGA-A8-A08G 16.0403 128.1359 107.4483
TCGA-A8-A08H 127.0057 0.5123 343.9439
TCGA-A8-A08I 102.2628 69.4886 13.398
TCGA-A8-A08J 59.784 86.2359 179.7886
TCGA-A8-A08L 119.113 35.4399 79.2281
TCGA-A8-A08O 18.3424 86.2269 182.4558
TCGA-A8-A08P 98.6057 46.1399 119.451
TCGA-A8-A08R 176.2584 0 83.4855
TCGA-A8-A08T 47.8401 94.2225 93.5255
TCGA-A8-A08X 156.7271 0 232.9451
TCGA-A8-A08Z 70.1221 27.8776 317.0802
TCGA-A8-A090 12.9715 112.6398 124.1796
TCGA-A8-A091 0.249 136.3713 67.7889
TCGA-A8-A092 76.9519 82.6962 83.9592
TCGA-A8-A093 15.99 102.9524 231.1495
TCGA-A8-A094 97.0835 55.6916 108.0181
TCGA-A8-A095 53.8433 72.2239 121.1436
TCGA-A8-A096 43.5634 75.8808 263.3314
TCGA-A8-A097 60.3927 54.7351 253.8141
TCGA-A8-A099 0.4392 119.5556 86.7664
TCGA-A8-A09A 31.677 92.4928 191.4331
TCGA-A8-A09B 13.7863 115.418 145.1941
TCGA-A8-A09C 51.6352 95.1697 107.2522
TCGA-A8-A09D 77.2219 51.0849 227.1781
TCGA-A8-A09G 103.6659 75.0302 61.351
TCGA-A8-A09I 103.6118 59.8918 117.6563
TCGA-A8-A09M 48.3973 103.3164 51.4306
TCGA-A8-A09N 24.3403 112.345 109.9356
TCGA-A8-A09Q 57.6777 116.7247 105.5381
TCGA-A8-A09R 32.2786 76.7104 232.3091
TCGA-A8-A09T 33.4912 87.7776 143.0371
TCGA-A8-A09V 4.3547 87.1662 184.3437
TCGA-A8-A09W 56.918 109.4211 88.8244
TCGA-A8-A09X 143.872 36.1093 122.088
TCGA-A8-A09Z 82.798 93.9764 38.5037
TCGA-A8-A0A1 40.5859 72.3327 208.4243
TCGA-A8-A0A2 4.4934 113.9482 153.4863
TCGA-A8-A0A4 71.3812 83.0839 110.0591
TCGA-A8-A0A6 72.4609 85.2096 114.7
TCGA-A8-A0A7 159.4864 9.5725 206.8799
TCGA-A8-A0A9 34.3901 103.0846 146.5693
TCGA-A8-A0AB 31.7384 94.0065 92.0533
TCGA-A8-A0AD 9.8008 87.3389 259.0617
TCGA-AN-A03X 50.1859 46.8251 472.1128
TCGA-AN-A03Y 103.9123 91.6008 43.8516
TCGA-AN-A041 0.4003 136.6163 234.8626
TCGA-AN-A046 63.3063 125.5633 158.597
TCGA-AN-A049 48.2572 96.4687 176.713
TCGA-AN-A04A 91.536 63.3228 299.1158
TCGA-AN-A04C 213.1647 24.4744 20.7118
TCGA-AN-A04D 175.0833 8.752 0
TCGA-AN-A0AJ 136.4147 49.8597 72.7359
TCGA-AN-A0AK 92.9291 78.0777 23.9383
TCGA-AN-A0AL 173.5759 0.1823 169.8886
TCGA-AN-A0AM 145.8475 56.8197 130.5659
TCGA-AN-A0AR 228.2054 0.3252 10.0374
TCGA-AN-A0AS 131.4028 23.9889 330.8648
TCGA-AN-A0AT 210.2838 0 21.9094
TCGA-AN-A0FD 87.046 75.2106 249.8221
TCGA-AN-A0FF 17.7107 110.0437 122.3304
TCGA-AN-A0FJ 189.4033 0 50.3356
TCGA-AN-A0FK 9.2087 156.4876 90.8222
TCGA-AN-A0FL 206.8741 19.0476 8.0577
TCGA-AN-A0FN 76.1361 9.5859 517.2724
TCGA-AN-A0FS 41.7452 78.9239 207.0821
TCGA-AN-A0FT 102.247 75.0059 136.4125
TCGA-AN-A0FV 112.4516 36.2334 233.3099
TCGA-AN-A0FW 43.6132 131.5535 87.6454
TCGA-AN-A0FX 184.993 0.0396 104.9538
TCGA-AN-A0FY 82.9277 51.8131 160.5017
TCGA-AN-A0FZ 28.5044 109.8006 136.0225
TCGA-AN-A0G0 176.3745 7.0525 70.0459
TCGA-AN-A0XL 30.2225 76.0133 203.8912
TCGA-AN-A0XN 95.1204 0.9689 517.3365
TCGA-AN-A0XO 74.5753 87.5066 176.2101
TCGA-AN-A0XP 2.7089 123.9448 154.8827
TCGA-AN-A0XR 33.0976 104.1757 90.7407
TCGA-AN-A0XS 39.5354 66.4226 218.8947
TCGA-AN-A0XT 32.0997 115.6726 39.78
TCGA-AN-A0XU 194.6853 0 31.3738
TCGA-AN-A0XV 34.9417 94.5529 142.7644
TCGA-AN-A0XW 97.5667 24.4435 305.1494
TCGA-AO-A03L 78.0074 67.558 162.0791
TCGA-AO-A03O 80.4675 89.9895 25.4512
TCGA-AO-A03P 63.4274 124.3276 39.8257
TCGA-AO-A03R 119.3616 87.9185 15.1172
TCGA-AO-A03T 90.7292 105.2618 34.8408
TCGA-AO-A03V 41.2253 98.7859 106.311
TCGA-AO-A0J2 172.2473 34.8199 39.7978
TCGA-AO-A0J3 7.8921 128.6432 7.3963
TCGA-AO-A0J4 201.5945 0 76.6159
TCGA-AO-A0J6 201.3445 1.1782 10.7368
TCGA-AO-A0J7 26.866 138.152 64.5775
TCGA-AO-A0J8 48.1833 91.5967 172.6911
TCGA-AO-A0J9 175.039 24.6312 174.6206
TCGA-AO-A0JA 41.5203 63.9904 276.1696
TCGA-AO-A0JB 242.82 45.3729 21.7864
TCGA-AO-A0JC 152.8469 11.7946 27.4398
TCGA-AO-A0JD 110.6737 80.7675 13.3705
TCGA-AO-A0JE 126.8452 16.7767 333.6266
TCGA-AO-A0JF 35.6126 64.8329 312.3486
TCGA-AO-A0JG 23.0038 100.7853 116.3262
TCGA-AO-A0JI 0.0062 149.6146 15.4555
TCGA-AO-A0JJ 69.3446 65.6326 168.9954
TCGA-AO-A0JL 230.498 0.584 35.5172
TCGA-AO-A0JM 70.5675 56.9294 266.4139
TCGA-AO-A124 220.9501 0.0361 5.0945
TCGA-AO-A125 21.9185 134.785 3.8852
TCGA-AO-A126 108.2557 46.9402 261.284
TCGA-AO-A128 186.8473 3.7482 39.3212
TCGA-AO-A129 210.2167 0 40.0705
TCGA-AO-A12A 71.0428 63.8197 141.0188
TCGA-AO-A12B 2.216 176.5242 12.4555
TCGA-AO-A12C 56.2786 70.2439 335.363
TCGA-AO-A12D 167.0158 5.5011 252.908
TCGA-AO-A12E 38.6813 108.915 76.3988
TCGA-AO-A12F 195.1067 0 79.8262
TCGA-AO-A12G 81.1938 90.0787 128.9644
TCGA-AO-A12H 0 177.634 23.4049
TCGA-AQ-A04J 182.6557 0.0029 83.2101
TCGA-AR-A0TP 219.5844 0 34.3465
TCGA-AR-A0TQ 47.1798 115.9473 86.5673
TCGA-AR-A0TR 0 145.308 4.549
TCGA-AR-A0TS 160.4929 0 86.3618
TCGA-AR-A0TT 101.4915 28.7558 142.8147
TCGA-AR-A0TU 189.2121 0.0334 0
TCGA-AR-A0TV 58.1749 104.2474 15.1018
TCGA-AR-A0TW 54.9199 98.9468 53.1627
TCGA-AR-A0TX 111.0877 37.1919 164.8611
TCGA-AR-A0TY 81.6508 101.6432 34.6596
TCGA-AR-A0TZ 0.6308 112.4116 113.1518
TCGA-AR-A0U0 185.3011 0 23.9356
TCGA-AR-A0U2 43.8064 81.0839 40.5179
TCGA-AR-A0U3 22.4756 117.6351 36.8778
TCGA-AR-A0U4 189.4058 0 63.0431
TCGA-AR-A1AH 172.5255 0 31.9112
TCGA-AR-A1AI 189.6378 0 15.7813
TCGA-AR-A1AJ 158.4511 0.0013 95.3329
TCGA-AR-A1AK 57.0319 79.4242 89.3443
TCGA-AR-A1AL 52.8412 50.4855 191.6157
TCGA-AR-A1AN 67.3443 65.0642 274.0572
TCGA-AR-A1AO 141.7647 0.0047 268.7196
TCGA-AR-A1AP 79.1585 74.4659 143.2086
TCGA-AR-A1AQ 189.7689 0 49.463
TCGA-AR-A1AR 160.6802 0 115.4382
TCGA-AR-A1AS 75.2489 79.8486 136.827
TCGA-AR-A1AT 152.3345 27.1048 210.3049
TCGA-AR-A1AU 58.4236 85.7204 171.8889
TCGA-AR-A1AV 1.7307 119.8241 151.8423
TCGA-AR-A1AW 110.914 27.6513 92.1381
TCGA-AR-A1AX 77.183 61.0883 141.755
TCGA-AR-A1AY 172.5652 0.0016 67.8862
TCGA-B6-A0I2 248.7574 0.7589 0
TCGA-B6-A0I5 171.5502 75.9356 74.8155
TCGA-B6-A0I6 164.6133 0.0014 125.1698
TCGA-B6-A0I8 12.9407 118.6185 131.0652
TCGA-B6-A0I9 83.7153 92.0696 47.5807
TCGA-B6-A0IA 21.5465 203.3677 19.2734
TCGA-B6-A0IB 31.2145 126.1522 47.9524
TCGA-B6-A0IC 0.0019 129.1981 4.375
TCGA-B6-A0IE 127.3842 78.4235 43.4457
TCGA-B6-A0IG 100.0247 83.3233 103.2219
TCGA-B6-A0IH 76.4473 35.2445 223.8663
TCGA-B6-A0IJ 219.9207 0.8234 10.7568
TCGA-B6-A0IK 148.269 41.6586 60.3618
TCGA-B6-A0IM 3.6375 122.6459 164.4855
TCGA-B6-A0IN 84.2445 104.8628 95.4498
TCGA-B6-A0IO 44.4143 131.3726 41.2247
TCGA-B6-A0IP 44.8611 100.1358 79.097
TCGA-B6-A0IQ 218.32 0 10.0108
TCGA-B6-A0RE 196.1419 0.0015 60.4148
TCGA-B6-A0RG 26.3666 132.2397 116.9237
TCGA-B6-A0RH 174.2797 46.289 181.101
TCGA-B6-A0RI 40.0464 75.507 276.1517
TCGA-B6-A0RL 10.986 131.6211 0.4643
TCGA-B6-A0RM 15.3363 127.0038 46.7517
TCGA-B6-A0RN 66.2478 48.3693 291.0574
TCGA-B6-A0RO 12.286 157.6915 34.8793
TCGA-B6-A0RP 0.5776 107.2204 238.0553
TCGA-B6-A0RQ 120.8965 58.3156 33.7863
TCGA-B6-A0RS 175.9901 23.1094 98.066
TCGA-B6-A0RT 156.1793 0.0158 55.7668
TCGA-B6-A0RU 186.0887 1.815 64.5002
TCGA-B6-A0RV 56.9651 103.664 49.347
TCGA-B6-A0WS 31.0527 86.7173 175.8288
TCGA-B6-A0WT 15.2018 79.0623 229.7799
TCGA-B6-A0WV 24.3044 105.7507 60.5519
TCGA-B6-A0WW 24.9882 107.7042 127.6916
TCGA-B6-A0WX 151.7367 0 247.1703
TCGA-B6-A0WY 116.2354 46.4942 120.2056
TCGA-B6-A0WZ 86.2111 86.5097 88.5272
TCGA-B6-A0X0 89.4017 91.7026 25.5466
TCGA-B6-A0X1 171.4981 9.0861 3.2484
TCGA-B6-A0X4 0.1556 179.38 11.3713
TCGA-B6-A0X5 40.7472 88.4231 38.9563
TCGA-B6-A0X7 65.2679 52.7625 230.7796
TCGA-BH-A0AU 19.4809 94.6358 223.7663
TCGA-BH-A0AV 151.1219 0 322.6555
TCGA-BH-A0AW 188.1104 22.5194 112.0747
TCGA-BH-A0AY 103.5857 34.515 248.2408
TCGA-BH-A0AZ 60.3179 27.4568 545.8606
TCGA-BH-A0B0 104.2488 24.6561 357.5362
TCGA-BH-A0B1 21.2826 142.2105 128.8709
TCGA-BH-A0B3 199.1919 0 136.1166
TCGA-BH-A0B4 85.223 54.4869 200.1874
TCGA-BH-A0B5 56.6812 52.2601 192.4981
TCGA-BH-A0B7 137.8008 15.1018 199.2177
TCGA-BH-A0B8 31.1733 128.7049 78.2858
TCGA-BH-A0B9 245.1935 0.305 0
TCGA-BH-A0BA 38.961 81.9741 94.0136
TCGA-BH-A0BC 90.2249 67.2154 147.2166
TCGA-BH-A0BD 81.9533 80.7743 151.3975
TCGA-BH-A0BF 103.9008 1.8416 382.8382
TCGA-BH-A0BG 207.9669 0 42.1176
TCGA-BH-A0BJ 54.6723 75.1107 189.4108
TCGA-BH-A0BL 130.3019 0 235.2146
TCGA-BH-A0BM 93.3632 71.7182 149.562
TCGA-BH-A0BO 71.3947 55.0369 218.6564
TCGA-BH-A0BP 66.7786 56.5525 220.548
TCGA-BH-A0BQ 108.6118 37.4976 269.0333
TCGA-BH-A0BR 101.6012 27.3693 322.7697
TCGA-BH-A0BS 12.8532 150.3216 33.5902
TCGA-BH-A0BT 88.3802 74.5898 100.3536
TCGA-BH-A0BV 12.7261 113.6551 174.1745
TCGA-BH-A0BW 151.6893 4.895 61.6813
TCGA-BH-A0BZ 115.4421 36.82 193.8724
TCGA-BH-A0C0 120.0612 53.0355 40.5922
TCGA-BH-A0C3 43.8684 63.0188 252.7106
TCGA-BH-A0DD 39.8266 99.3037 81.0153
TCGA-BH-A0DE 40.7048 78.5595 156.3079
TCGA-BH-A0DG 72.8862 41.9419 300.3619
TCGA-BH-A0DH 9.5172 144.2708 79.8195
TCGA-BH-A0DI 82.8126 17.0668 470.7614
TCGA-BH-A0DK 79.6292 75.5973 174.3211
TCGA-BH-A0DL 215.5836 0 24.1209
TCGA-BH-A0DP 75.1133 56.9258 232.3681
TCGA-BH-A0DQ 50.7656 56.8565 301.2508
TCGA-BH-A0DS 81.5102 76.3652 160.8129
TCGA-BH-A0DT 60.9429 72.0107 158.4204
TCGA-BH-A0DX 81.3891 34.08 334.595
TCGA-BH-A0DZ 120.4839 34.7805 284.7688
TCGA-BH-A0E0 238.2588 1.4722 4.5139
TCGA-BH-A0E1 15.9769 144.5893 117.7879
TCGA-BH-A0E2 84.991 77.7021 145.7917
TCGA-BH-A0E6 242.578 0.1281 29.075
TCGA-BH-A0E7 0.6145 123.9742 101.4512
TCGA-BH-A0EA 65.8816 50.717 185.4463
TCGA-BH-A0EB 47.5286 91.747 195.4609
TCGA-BH-A0EE 184.9411 37.2429 0
TCGA-BH-A0EI 24.1925 74.3873 317.2778
TCGA-BH-A0GY 102.5726 56.223 119.9952
TCGA-BH-A0GZ 55.293 87.1265 170.8665
TCGA-BH-A0H0 22.235 120.4568 12.1556
TCGA-BH-A0H3 59.2047 50.9218 236.9535
TCGA-BH-A0H5 120.4802 39.356 86.9338
TCGA-BH-A0H6 27.6118 77.521 236.5334
TCGA-BH-A0H7 61.2674 57.1947 406.3711
TCGA-BH-A0H9 58.3797 96.6222 78.1439
TCGA-BH-A0HA 36.8753 105.3087 254.0565
TCGA-BH-A0HB 100.5161 86.7169 67.8962
TCGA-BH-A0HF 86.1746 61.4087 243.0282
TCGA-BH-A0HI 12.8449 127.1591 147.205
TCGA-BH-A0HK 105.3127 77.3595 106.1833
TCGA-BH-A0HL 0.0268 125.9483 34.5702
TCGA-BH-A0HN 2.4104 149.7278 23.1656
TCGA-BH-A0HO 0.4008 187.4025 59.8263
TCGA-BH-A0HP 80.088 71.5161 147.9933
TCGA-BH-A0HQ 49.363 76.3127 225.8088
TCGA-BH-A0HU 106.9519 68.1811 46.649
TCGA-BH-A0HW 0.063 157.9056 16.7425
TCGA-BH-A0HX 45.0885 97.0492 139.4895
TCGA-BH-A0HY 108.1901 55.4235 214.8613
TCGA-BH-A0RX 223.5838 0.1385 78.2156
TCGA-BH-A0W3 0.0341 124.4852 36.0835
TCGA-BH-A0W4 41.0889 81.5462 200.1701
TCGA-BH-A0W5 62.455 61.5485 165.8922
TCGA-BH-A0W7 100.4236 45.9029 204.0177
TCGA-BH-A0WA 186.2917 0 79.1489
TCGA-BH-A18F 78.1409 36.8803 205.7441
TCGA-BH-A18G 268.4925 0 88.5585
TCGA-BH-A18H 50.2173 111.2545 58.9286
TCGA-BH-A18I 46.2295 49.6562 284.8327
TCGA-BH-A18J 83.0941 61.6229 210.9112
TCGA-BH-A18K 75.1435 57.1293 212.2585
TCGA-BH-A18L 19.0461 136.991 9.169
TCGA-BH-A18M 54.8968 63.6797 255.4636
TCGA-BH-A18N 0.072 135.3653 59.9415
TCGA-BH-A18P 57.0959 59.7495 154.3025
TCGA-BH-A18Q 178.8531 7.1812 23.2837
TCGA-BH-A18R 91.5332 73.6722 57.7494
TCGA-BH-A18S 1.5897 150.4956 21.4591
TCGA-BH-A18T 211.5009 0 18.5534
TCGA-BH-A18U 80.7445 87.4303 136.6094
TCGA-BH-A18V 187.0422 0 80.1431
TCGA-BH-A1EO 61.7266 33.7371 357.6238
TCGA-BH-A1ES 54.2384 73.2065 146.7648
TCGA-BH-A1ET 2.9148 110.8699 153.6246
TCGA-BH-A1EU 32.3091 68.5041 203.4457
TCGA-BH-A1EV 86.1865 60.7478 219.4287
TCGA-BH-A1EW 53.9442 88.0429 66.3701
TCGA-BH-A1F0 156.6433 0.0174 101.1562
TCGA-C8-A12K 203.9271 0 32.2195
TCGA-C8-A12L 167.9296 6.1021 98.3966
TCGA-C8-A12M 12.0765 135.261 32.2408
TCGA-C8-A12N 64.0084 55.5917 308.4557
TCGA-C8-A12O 74.3195 63.4039 266.8177
TCGA-C8-A12P 147.7062 5.605 224.0911
TCGA-C8-A12Q 117.0802 29.0489 196.6291
TCGA-C8-A12T 154.1743 28.115 307.8208
TCGA-C8-A12U 77.7891 91.6406 4.8741
TCGA-C8-A12V 175.6578 0 39.3477
TCGA-C8-A12W 54.4399 73.299 245.2737
TCGA-C8-A12X 45.509 117.3311 34.2205
TCGA-C8-A12Y 88.2923 83.6228 96.0529
TCGA-C8-A12Z 150.88 45.018 186.6815
TCGA-C8-A130 112.956 37.6827 101.7077
TCGA-C8-A131 190.1065 0.0083 196.1516
TCGA-C8-A132 80.1234 48.0521 253.1241
TCGA-C8-A133 0.0152 198.4928 2.2865
TCGA-C8-A134 175.8708 0.768 26.715
TCGA-C8-A135 172.2465 27.3727 143.7722
TCGA-C8-A137 138.1398 20.001 170.4918
TCGA-C8-A138 127.3236 30.7096 176.678
TCGA-C8-A1HF 165.9213 0.0037 207.9286
TCGA-C8-A1HG 106.5156 65.0355 58.0879
TCGA-C8-A1HI 39.3758 128.4705 66.0519
TCGA-C8-A1HL 90.8438 73.1815 114.9058
TCGA-C8-A1HM 105.0819 62.6841 27.2557
TCGA-C8-A1HN 43.4569 98.0077 55.5088
TCGA-D8-A13Y 61.5922 57.2767 44.4734
TCGA-D8-A13Z 145.0062 10.7394 138.1348
TCGA-D8-A140 12.1523 114.2969 78.7122
TCGA-D8-A141 79.6222 16.4429 423.6601
TCGA-D8-A142 161.3323 0 221.2581
TCGA-D8-A143 191.0336 2.3458 23.415
TCGA-D8-A145 46.3543 63.2026 167.8611
TCGA-D8-A147 161.1559 0.2089 41.6191
TCGA-E2-A105 46.4233 99.1535 36.4871
TCGA-E2-A106 5.8309 154.1949 38.9376
TCGA-E2-A107 37.7378 112.9984 32.5342
TCGA-E2-A108 123.2265 8.976 239.8724
TCGA-E2-A109 45.7614 90.1563 104.5325
TCGA-E2-A10A 4.2916 107.4327 130.1075
TCGA-E2-A10B 10.9346 108.3631 145.0622
TCGA-E2-A10C 94.0691 74.3844 49.6879
TCGA-E2-A10E 11.5466 125.9183 143.6329
TCGA-E2-A10F 54.2727 51.2193 280.3414
TCGA-E2-A14N 218.4737 0.1126 3.9443
TCGA-E2-A14O 25.6593 173.9785 69.7343
TCGA-E2-A14P 172.5141 27.3604 25.5961
TCGA-E2-A14Q 54.1475 90.226 84.1004
TCGA-E2-A14R 209.8949 0 7.9998
TCGA-E2-A14S 28.6344 128.0114 18.4572
TCGA-E2-A14T 21.4996 140.8245 60.3868
TCGA-E2-A14V 95.8175 66.6421 115.8383
TCGA-E2-A14W 29.2534 132.4195 50.1049
TCGA-E2-A14X 198.5004 3.3811 30.0382
TCGA-E2-A14Y 252.5525 0 19.8043
TCGA-E2-A14Z 121.9582 47.0561 109.48
TCGA-E2-A150 190.6888 0 68.5003
TCGA-E2-A152 101.1448 17.7458 320.6113
TCGA-E2-A153 70.5144 48.1249 420.5062
TCGA-E2-A154 36.176 93.0628 142.2245
TCGA-E2-A155 14.5616 137.0653 30.9136
TCGA-E2-A156 0.0554 131.3713 26.0429
TCGA-E2-A158 199.9207 0.4338 0
TCGA-E2-A159 164.8755 0.1035 77.8531
TCGA-E2-A15A 51.4324 88.1746 116.1321
TCGA-E2-A15C 18.058 94.4013 176.9697
TCGA-E2-A15D 44.8118 72.26 139.7076
TCGA-E2-A15E 65.9419 72.7675 124.6775
TCGA-E2-A15F 9.2319 129.3374 55.924
TCGA-E2-A15G 1.6094 123.9004 54.6322
TCGA-E2-A15H 56.8361 85.022 152.5543
TCGA-E2-A15I 22.2998 92.277 108.0141
TCGA-E2-A15J 65.8557 111.8265 72.1895
TCGA-E2-A15K 49.3164 81.4966 104.6408
TCGA-E2-A15L 22.9928 85.0238 259.6181
TCGA-E2-A15M 70.5132 53.9578 169.1316
TCGA-E2-A15O 18.308 106.8881 38.7434
TCGA-E2-A15P 8.0728 120.3168 102.8986
TCGA-E2-A15R 2.0293 119.7409 57.6528
TCGA-E2-A15S 14.4057 124.999 20.3098
TCGA-E2-A15T 8.6184 129.3081 25.1324
TCGA-E2-A1AZ 140.4843 0.0019 116.8802
TCGA-E2-A1B0 154.0452 7.0828 177.214
TCGA-E2-A1B1 84.4867 32.5665 258.0038
TCGA-E2-A1B4 18.7608 122.5489 97.5604
TCGA-E2-A1B5 125.1827 59.6653 53.5523
TCGA-E2-A1B6 197.8533 0.5464 2.7405
TCGA-E2-A1BC 27.6378 59.6966 265.291
TCGA-E2-A1BD 83.6077 78.7096 101.8898
